tag,count,Cumulative word frequency,
covid 19,3291,3291,15.12%
coronavirus tracking,602,3893,17.89%
covid19 data,490,4383,20.14%
python,457,4840,22.24%
javascript,228,5068,23.29%
react,203,5271,24.22%
coronavirus real time,195,5466,25.12%
coronavirus info,176,5642,25.93%
reactjs,175,5817,26.73%
api,171,5988,27.52%
covid 19 india,169,6157,28.29%
covid api,162,6319,29.04%
android,144,6463,29.70%
coronavirus analysis,132,6595,30.31%
machine learning,130,6725,30.90%
data visualization,125,6850,31.48%
deep learning,112,6962,31.99%
flutter,108,7070,32.49%
nodejs,105,7175,32.97%
dataset,101,7276,33.44%
visualization,99,7375,33.89%
dashboard,95,7470,34.33%
data,95,7565,34.76%
pandemic,82,7647,35.14%
data science,77,7724,35.49%
india,75,7799,35.84%
flask,73,7872,36.17%
r,72,7944,36.51%
data analysis,68,8012,36.82%
jupyter notebook,67,8079,37.13%
java,66,8145,37.43%
android app,65,8210,37.73%
epidemiology,61,8271,38.01%
open source,58,8329,38.27%
tracker,57,8386,38.54%
css,55,8441,38.79%
typescript,52,8493,39.03%
firebase,51,8544,39.26%
ios,51,8595,39.50%
html,50,8645,39.73%
vuejs,50,8695,39.96%
react native,50,8745,40.19%
docker,48,8793,40.41%
kotlin,48,8841,40.63%
material ui,48,8889,40.85%
covid 19 italy,48,8937,41.07%
chartjs,48,8985,41.29%
computer vision,47,9032,41.51%
health,47,9079,41.72%
dart,47,9126,41.94%
flutter apps,46,9172,42.15%
artificial intelligence,46,9218,42.36%
pandas,46,9264,42.57%
webapp,44,9308,42.77%
bootstrap,44,9352,42.98%
simulation,44,9396,43.18%
coronavirus globaloutbreak,43,9439,43.38%
rest api,43,9482,43.57%
angular,43,9525,43.77%
django,42,9567,43.96%
statistics,42,9609,44.16%
nlp,41,9650,44.35%
tensorflow,41,9691,44.53%
vue,40,9731,44.72%
convolutional neural networks,40,9771,44.90%
time series,39,9810,45.08%
json,38,9848,45.26%
golang,37,9885,45.43%
bot,37,9922,45.60%
coronavirus dataset,37,9959,45.77%
plotly,37,9996,45.94%
open data,36,10032,46.10%
telegram bot,36,10068,46.27%
social distancing,36,10104,46.43%
app,35,10139,46.59%
epidemic,34,10173,46.75%
virus,34,10207,46.91%
brazil,34,10241,47.06%
express,33,10274,47.21%
php,32,10306,47.36%
healthcare,32,10338,47.51%
twitter,32,10370,47.65%
map,31,10401,47.80%
country,31,10432,47.94%
html5,31,10463,48.08%
mask,30,10493,48.22%
covid19 dataset,30,10523,48.36%
covid 19 brazil,30,10553,48.50%
italy,28,10581,48.62%
react hooks,28,10609,48.75%
swift,28,10637,48.88%
matplotlib,27,10664,49.01%
heroku,27,10691,49.13%
wirvsvirus,27,10718,49.25%
contact tracing,27,10745,49.38%
pytorch,26,10771,49.50%
website,26,10797,49.62%
retrofit2,26,10823,49.74%
graphql,26,10849,49.86%
cli,26,10875,49.97%
csv,26,10901,50.09%
hackathon,26,10927,50.21%
spring boot,25,10952,50.33%
prediction,25,10977,50.44%
beautifulsoup4,25,11002,50.56%
axios,25,11027,50.67%
keras,25,11052,50.79%
chatbot,24,11076,50.90%
redux,24,11100,51.01%
gatsby,24,11124,51.12%
neural network,24,11148,51.23%
jhu csse,23,11171,51.33%
charts,23,11194,51.44%
news,22,11216,51.54%
analysis,22,11238,51.64%
numpy,22,11260,51.74%
bioinformatics,21,11281,51.84%
sentiment analysis,21,11302,51.94%
telegram,21,11323,52.03%
modeling,21,11344,52.13%
expressjs,21,11365,52.23%
johns hopkins university,21,11386,52.32%
nextjs,21,11407,52.42%
forecasting,21,11428,52.52%
webscraping,21,11449,52.61%
wuhan,20,11469,52.70%
medical,20,11489,52.80%
deaths,20,11509,52.89%
shiny,20,11529,52.98%
ventilator,20,11549,53.07%
pwa,20,11569,53.16%
covid19 graph,20,11589,53.26%
deep neural networks,20,11609,53.35%
stats,19,11628,53.44%
mongodb,19,11647,53.52%
discord bot,19,11666,53.61%
css3,19,11685,53.70%
covid19 live tracker,19,11704,53.78%
disease,18,11722,53.87%
rstats,18,11740,53.95%
xray,18,11758,54.03%
awesome list,18,11776,54.12%
kotlin android,18,11794,54.20%
classification,18,11812,54.28%
csharp,17,11829,54.36%
research,17,11846,54.44%
d3,17,11863,54.51%
outbreak,17,11880,54.59%
go,17,11897,54.67%
dash,17,11914,54.75%
node,17,11931,54.83%
flutter ui,17,11948,54.91%
graphs,17,11965,54.98%
maps,17,11982,55.06%
realtime,17,11999,55.14%
wirvsvirushack,17,12016,55.22%
analytics,17,12033,55.30%
leaflet,17,12050,55.37%
opencv,17,12067,55.45%
arduino,16,12083,55.53%
d3js,16,12099,55.60%
mapbox,16,12115,55.67%
coronavirus maps,16,12131,55.75%
epidemic simulations,16,12147,55.82%
jupyter,16,12163,55.89%
model,16,12179,55.97%
discord,16,12195,56.04%
netlify,16,12211,56.11%
mvvm,16,12227,56.19%
api rest,16,12243,56.26%
covid tracking,16,12259,56.33%
exposure notification,16,12275,56.41%
ncov data visual,15,12290,56.48%
crawler,15,12305,56.55%
scraper,15,12320,56.62%
chrome extension,15,12335,56.68%
hospital,15,12350,56.75%
dataviz,15,12365,56.82%
swiftui,15,12380,56.89%
ios app,15,12395,56.96%
yolov3,15,12410,57.03%
quarantine,15,12425,57.10%
django rest framework,15,12440,57.17%
covid 19 data analysis,15,12455,57.24%
wuhan pneumonia,14,12469,57.30%
canada,14,12483,57.36%
json api,14,12497,57.43%
sql,14,12511,57.49%
database,14,12525,57.56%
aws,14,12539,57.62%
gatsbyjs,14,12553,57.69%
html css javascript,14,12567,57.75%
chart,14,12581,57.81%
foldingathome,13,12594,57.87%
lstm,13,12607,57.93%
china,13,12620,57.99%
livedata,13,12633,58.05%
sir model,13,12646,58.11%
styled components,13,12659,58.17%
indonesia,13,12672,58.23%
postgresql,13,12685,58.29%
covid 19 spain,13,12698,58.35%
laravel,13,12711,58.41%
mobile,13,12724,58.47%
frontend,13,12737,58.53%
covid 19 app,13,12750,58.59%
agent based modeling,13,12763,58.65%
project,13,12776,58.71%
android studio,13,12789,58.77%
matplotlib pyplot,13,12802,58.83%
seir model,12,12814,58.89%
transfer learning,12,12826,58.94%
face detection,12,12838,59.00%
fastapi,12,12850,59.05%
twitter bot,12,12862,59.11%
mvvm architecture,12,12874,59.16%
public health,12,12886,59.22%
civic tech,12,12898,59.27%
awesome,12,12910,59.33%
tailwindcss,12,12922,59.38%
mobile app,12,12934,59.44%
nuxtjs,12,12946,59.49%
backend,12,12958,59.55%
ruby,12,12970,59.60%
france,12,12982,59.66%
image classification,12,12994,59.71%
ble,12,13006,59.77%
detection,11,13017,59.82%
science,11,13028,59.87%
novel coronavirus 2019,11,13039,59.92%
pneumonia,11,13050,59.97%
epidemic model,11,13061,60.02%
plot,11,13072,60.07%
bert,11,13083,60.12%
timeseries forecasting,11,13094,60.17%
plotly dash,11,13105,60.22%
disease spread,11,13116,60.27%
knowledge graph,11,13127,60.32%
ct,11,13138,60.37%
italia,11,13149,60.42%
notification,11,13160,60.48%
education,11,13171,60.53%
jekyll,11,13182,60.58%
scrapping,11,13193,60.63%
ui,11,13204,60.68%
chest xray,11,13215,60.73%
keras tensorflow,11,13226,60.78%
africa covid 19,11,13237,60.83%
x ray images,11,13248,60.88%
spain,11,13259,60.93%
bangladesh,11,13270,60.98%
covid 19 us,11,13281,61.03%
mexico,11,13292,61.08%
agent based simulation,11,13303,61.13%
restful api,11,13314,61.18%
expo,11,13325,61.23%
google,11,13336,61.28%
face mask detection,11,13347,61.33%
jquery,10,13357,61.38%
wuhan coronavirus outbreak,10,13367,61.43%
seir,10,13377,61.47%
chile,10,13387,61.52%
information,10,13397,61.56%
2019 ncov data vis,10,13407,61.61%
wuhan virus,10,13417,61.66%
world,10,13427,61.70%
sass,10,13437,61.75%
github actions,10,13447,61.79%
worldometers,10,13457,61.84%
monitoring,10,13467,61.89%
altair,10,13477,61.93%
covid19 uk,10,13487,61.98%
corona api,10,13497,62.02%
community,10,13507,62.07%
wirvsvirus2020,10,13517,62.12%
serverless,10,13527,62.16%
twitter api,10,13537,62.21%
coronavirus india,10,13547,62.25%
geojson,10,13557,62.30%
acrt,10,13567,62.35%
kaggle,10,13577,62.39%
bokeh,10,13587,62.44%
mysql,10,13597,62.48%
chest xray images,10,13607,62.53%
flask application,10,13617,62.58%
bs4,10,13627,62.62%
sqlite,10,13637,62.67%
streamlit,10,13647,62.71%
automation,10,13657,62.76%
selenium,10,13667,62.81%
sars,9,13676,62.85%
who,9,13685,62.89%
github pages,9,13694,62.93%
rpackage,9,13703,62.97%
infection,9,13712,63.01%
amazon,9,13721,63.05%
mongoose,9,13730,63.09%
matlab,9,13739,63.14%
corona sdk,9,13748,63.18%
privacy,9,13757,63.22%
azure,9,13766,63.26%
coroutines,9,13775,63.30%
react router,9,13784,63.34%
mvvm android,9,13793,63.38%
discord js,9,13802,63.43%
germany,9,13811,63.47%
volunteers,9,13820,63.51%
web,9,13829,63.55%
game,9,13838,63.59%
material design,9,13847,63.63%
docker compose,9,13856,63.67%
covid 19 mexico,9,13865,63.71%
macos,9,13874,63.76%
vuetify,9,13883,63.80%
eda,9,13892,63.84%
spring,9,13901,63.88%
apple,9,13910,63.92%
medical imaging,8,13918,63.96%
wuhan support,8,13926,64.00%
echarts,8,13934,64.03%
heatmap,8,13942,64.07%
vgg16,8,13950,64.11%
api service,8,13958,64.14%
covid 19 bangladesh,8,13966,64.18%
diagnosis,8,13974,64.22%
react components,8,13982,64.25%
simulator,8,13990,64.29%
elasticsearch,8,13998,64.33%
symptoms,8,14006,64.36%
twilio,8,14014,64.40%
covid19 germany,8,14022,64.44%
colombia,8,14030,64.47%
hooks,8,14038,64.51%
peru,8,14046,64.55%
herokuapp,8,14054,64.58%
pikobar,8,14062,64.62%
time series analysis,8,14070,64.66%
morocco,8,14078,64.69%
create react app,8,14086,64.73%
3dprinting,8,14094,64.77%
search engine,8,14102,64.80%
delivery,8,14110,64.84%
infectious disease models,8,14118,64.88%
flutter examples,8,14126,64.91%
nigeria,8,14134,64.95%
npm,8,14142,64.99%
folium,8,14150,65.02%
bluetooth low energy,8,14158,65.06%
contact tracing app,8,14166,65.10%
esp32,7,14173,65.13%
data mining,7,14187,65.19%
trend,7,14194,65.23%
shiny apps,7,14201,65.26%
scrapy,7,14208,65.29%
seaborn,7,14215,65.32%
spread,7,14222,65.36%
graphs4good,7,14229,65.39%
kubernetes,7,14236,65.42%
gis,7,14243,65.45%
rails,7,14250,65.48%
covid19 france,7,14257,65.52%
terminal,7,14264,65.55%
scikit learn,7,14271,65.58%
blockchain,7,14278,65.61%
ml,7,14285,65.64%
3d,7,14292,65.68%
pwa app,7,14299,65.71%
reports,7,14306,65.74%
patient,7,14313,65.77%
x ray,7,14320,65.81%
rest,7,14327,65.84%
sklearn,7,14334,65.87%
question answering,7,14341,65.90%
recharts,7,14348,65.93%
social,7,14355,65.97%
windows,7,14362,66.00%
react chartjs 2,7,14369,66.03%
government,7,14376,66.06%
sri lanka,7,14383,66.10%
diy,7,14390,66.13%
respirator,7,14397,66.16%
disease modeling,7,14404,66.19%
greece,7,14411,66.22%
whole foods,7,14418,66.26%
grocery delivery,7,14425,66.29%
tableau,7,14432,66.32%
mapbox gl js,7,14439,66.35%
animation,7,14446,66.38%
social distancing detection,7,14453,66.42%
mask detection,7,14460,66.45%
markdown,6,14466,66.48%
hardware,6,14472,66.50%
iot,6,14478,66.53%
geopandas,6,14484,66.56%
japan,6,14490,66.59%
mapboxgl,6,14496,66.61%
remote work,6,14502,66.64%
face recognition,6,14508,66.67%
transformers,6,14514,66.70%
interactive,6,14520,66.72%
open source covid,6,14526,66.75%
cases,6,14532,66.78%
linear regression,6,14538,66.81%
webgl,6,14544,66.84%
d3 visualization,6,14550,66.86%
information retrieval,6,14556,66.89%
java 8,6,14562,66.92%
documentation,6,14568,66.95%
grafana,6,14574,66.97%
rxjava2,6,14580,67.00%
england,6,14586,67.03%
2019 ncov data,6,14592,67.06%
bash,6,14598,67.08%
shell script,6,14604,67.11%
covid 19 chile,6,14610,67.14%
covid 19 colombia,6,14616,67.17%
corona india,6,14622,67.19%
covid 19 japan,6,14628,67.22%
powerbi,6,14634,67.25%
react redux,6,14640,67.28%
lambda,6,14646,67.30%
aws lambda,6,14652,67.33%
twitter sentiment analysis,6,14658,67.36%
mapping,6,14664,67.39%
list,6,14670,67.41%
zeit,6,14676,67.44%
coronavirus prediction,6,14682,67.47%
jamstack,6,14688,67.50%
radiology,6,14694,67.52%
cnn classification,6,14700,67.55%
covid 19 mx,6,14706,67.58%
new zealand,6,14712,67.61%
lockdown,6,14718,67.63%
search,6,14724,67.66%
svelte,6,14730,67.69%
ppe,6,14736,67.72%
covid net,6,14742,67.75%
cnn keras,6,14748,67.77%
command line tool,6,14754,67.80%
contact tracer,6,14760,67.83%
epidemiology analysis,6,14766,67.86%
stay home,6,14772,67.88%
social media,6,14778,67.91%
philippines,6,14784,67.94%
covid 19 nepal,6,14790,67.97%
spark,6,14796,67.99%
webscraper,6,14802,68.02%
mobility,6,14808,68.05%
covid 19 greece,6,14814,68.08%
image processing,6,14820,68.10%
heroku deployment,6,14826,68.13%
nepal,6,14832,68.16%
react bootstrap,6,14838,68.19%
tkinter gui,6,14844,68.21%
nlp machine learning,5,14849,68.24%
interactive visualizations,5,14854,68.26%
yolo,5,14859,68.28%
object detection,5,14864,68.31%
tutorial,5,14869,68.33%
pipeline,5,14874,68.35%
usa,5,14879,68.37%
europe,5,14884,68.40%
awesome coronavirus,5,14889,68.42%
korea,5,14894,68.44%
data cleaning,5,14899,68.47%
julia,5,14904,68.49%
chrome,5,14909,68.51%
switzerland,5,14914,68.54%
geospatial,5,14919,68.56%
vega lite,5,14924,68.58%
koin,5,14929,68.60%
prevention,5,14934,68.63%
confirmed cases,5,14939,68.65%
airflow,5,14944,68.67%
kibana,5,14949,68.70%
coronavirus cases,5,14954,68.72%
clean architecture,5,14959,68.74%
medicine,5,14964,68.77%
neo4j,5,14969,68.79%
sms,5,14974,68.81%
covid 19 czechia,5,14979,68.83%
csv files,5,14984,68.86%
south africa,5,14989,68.88%
uk,5,14994,68.90%
postgres,5,14999,68.93%
selenium webdriver,5,15004,68.95%
volunteer management,5,15009,68.97%
mit,5,15014,68.99%
crisis management,5,15019,69.02%
momentjs,5,15024,69.04%
covid 19 prediction,5,15029,69.06%
flask restful,5,15034,69.09%
developer,5,15039,69.11%
xamarin forms,5,15044,69.13%
learning,5,15049,69.16%
free,5,15054,69.18%
algeria,5,15059,69.20%
africa,5,15064,69.22%
shinydashboard,5,15069,69.25%
confinement,5,15074,69.27%
rstudio,5,15079,69.29%
code for america,5,15084,69.32%
amcharts,5,15089,69.34%
colaboratory,5,15094,69.36%
papers,5,15099,69.39%
segmentation,5,15104,69.41%
coronavirus detect,5,15109,69.43%
govuk service,5,15114,69.45%
scipy,5,15119,69.48%
responsive design,5,15124,69.50%
github,5,15129,69.52%
toolkit,5,15134,69.55%
highcharts,5,15139,69.57%
lstm neural networks,5,15144,69.59%
algorithms,5,15149,69.62%
api client,5,15154,69.64%
google maps,5,15159,69.66%
esp8266,5,15164,69.68%
android development,5,15169,69.71%
plyer,5,15174,69.73%
web development,5,15179,69.75%
ejs,5,15184,69.78%
topic modeling,5,15189,69.80%
google maps api,5,15194,69.82%
students,5,15199,69.85%
command line,5,15204,69.87%
nhs,5,15209,69.89%
es6,5,15214,69.91%
react navigation,5,15219,69.94%
delivery slots,5,15224,69.96%
amazon fresh,5,15229,69.98%
argentina,5,15234,70.01%
mobile development,5,15239,70.03%
ibm watson,5,15244,70.05%
beacon,5,15249,70.07%
flask api,5,15254,70.10%
ibm cloud,5,15259,70.12%
dark theme,5,15264,70.14%
covid19airesearch,5,15269,70.17%
tests,5,15274,70.19%
whatsapp bot,5,15279,70.21%
fetch api,5,15284,70.24%
rasa,5,15289,70.26%
aws data exchange,5,15294,70.28%
xgboost,5,15299,70.30%
text classification,5,15304,70.33%
genome,4,15308,70.35%
genomics,4,15312,70.36%
dotnet,4,15316,70.38%
gps,4,15320,70.40%
pdf,4,15324,70.42%
images,4,15328,70.44%
live,4,15332,70.46%
medical image analysis,4,15336,70.47%
ncov map,4,15340,70.49%
hongkong,4,15344,70.51%
leafletjs,4,15348,70.53%
statistical models,4,15352,70.55%
kenya,4,15356,70.57%
pyecharts,4,15360,70.58%
infected people,4,15364,70.60%
regression models,4,15368,70.62%
singapore,4,15372,70.64%
visualizer,4,15376,70.66%
epidemic data,4,15380,70.68%
recoveries,4,15384,70.70%
pip,4,15388,70.71%
iran,4,15392,70.73%
binder,4,15396,70.75%
minecraft,4,15400,70.77%
zeit now,4,15404,70.79%
bash script,4,15408,70.81%
colab notebook,4,15412,70.82%
machine learning algorithms,4,15416,70.84%
telegram bot api,4,15420,70.86%
global,4,15424,70.88%
globe,4,15428,70.90%
line bot,4,15432,70.92%
coronavirusoutbreak,4,15436,70.93%
utility,4,15440,70.95%
docker image,4,15444,70.97%
resnet 50,4,15448,70.99%
pneumonia detection,4,15452,71.01%
ggplot2,4,15456,71.03%
discord py,4,15460,71.04%
epidemiological predictions,4,15464,71.06%
open science,4,15468,71.08%
codeigniter,4,15472,71.10%
static site,4,15476,71.12%
privacy preserving,4,15480,71.14%
folding,4,15484,71.15%
postman,4,15488,71.17%
scss,4,15492,71.19%
thymeleaf,4,15496,71.21%
redux thunk,4,15500,71.23%
api wrapper,4,15504,71.25%
sir,4,15508,71.27%
fhir,4,15512,71.28%
flexdashboard,4,15516,71.30%
united kingdom,4,15520,71.32%
influxdb,4,15524,71.34%
covid 19 peru,4,15528,71.36%
corona info,4,15532,71.38%
bulgaria,4,15536,71.39%
json data,4,15540,71.41%
regression,4,15544,71.43%
demo,4,15548,71.45%
historical data,4,15552,71.47%
curl,4,15556,71.49%
framework,4,15560,71.50%
elixir,4,15564,71.52%
chromedriver,4,15568,71.54%
emergency response,4,15572,71.56%
mac,4,15576,71.58%
webpack,4,15580,71.60%
mit license,4,15584,71.61%
apollo,4,15588,71.63%
linux,4,15592,71.65%
norway,4,15596,71.67%
openhardware,4,15600,71.69%
canvas,4,15604,71.71%
threejs,4,15608,71.72%
ionic framework,4,15612,71.74%
wikidata,4,15616,71.76%
worldwide,4,15620,71.78%
groceries,4,15624,71.80%
detector,4,15628,71.82%
clustering,4,15632,71.83%
faq,4,15636,71.85%
dockerfile,4,15640,71.87%
ionic,4,15644,71.89%
ionic5,4,15648,71.91%
electron,4,15652,71.93%
electron app,4,15656,71.95%
restaurants,4,15660,71.96%
script,4,15664,71.98%
wordpress,4,15668,72.00%
apexcharts,4,15672,72.02%
vuex,4,15676,72.04%
govuk,4,15680,72.06%
symfony,4,15684,72.07%
svg,4,15688,72.09%
shell,4,15692,72.11%
room,4,15696,72.13%
community project,4,15700,72.15%
scraping websites,4,15704,72.17%
firebase auth,4,15708,72.18%
firebase database,4,15712,72.20%
healthcare application,4,15716,72.22%
wirvsvirus hackathon,4,15720,72.24%
coverified,4,15724,72.26%
arcgis,4,15728,72.28%
databinding,4,15732,72.29%
serverless framework,4,15736,72.31%
pandas dataframe,4,15740,72.33%
jobs,4,15744,72.35%
covid19 indonesia,4,15748,72.37%
dagger2,4,15752,72.39%
wordpress plugin,4,15756,72.40%
russia,4,15760,72.42%
choropleth map,4,15764,72.44%
plotly python,4,15768,72.46%
news api,4,15772,72.48%
cuba,4,15776,72.50%
cross platform,4,15780,72.52%
requests,4,15784,72.53%
software,4,15788,72.55%
kerala,4,15792,72.57%
etl,4,15796,72.59%
statistical analysis,4,15800,72.61%
romania,4,15804,72.63%
covid 19 canada,4,15808,72.64%
coroutines android,4,15812,72.66%
covid19 detector,4,15816,72.68%
php7,4,15820,72.70%
delivery window finder,4,15824,72.72%
foods delivery,4,15828,72.74%
resources,4,15832,72.75%
novalcovid,4,15836,72.77%
single page app,4,15840,72.79%
nytimes,4,15844,72.81%
pyspark,4,15848,72.83%
timeseries analysis,4,15852,72.85%
flutter material,4,15856,72.86%
python telegram bot,4,15860,72.88%
react app,4,15864,72.90%
cornavirusdashboard,4,15868,72.92%
vuejs2,4,15872,72.94%
mesa,4,15876,72.96%
kafka,4,15880,72.97%
android architecture components,4,15884,72.99%
fkcovid19,4,15888,73.01%
databinding android,4,15892,73.03%
ui design,4,15896,73.05%
graphics,4,15900,73.07%
hooks api react,4,15904,73.08%
job search,4,15908,73.10%
covid19 philippines,4,15912,73.12%
apk,4,15916,73.14%
dartlang,4,15920,73.16%
instacart,4,15924,73.18%
xml,4,15928,73.20%
berlin,4,15932,73.21%
hackathon project,4,15936,73.23%
django project,4,15940,73.25%
opencv python,4,15944,73.27%
dialogflow,4,15948,73.29%
c,4,15952,73.31%
sanic,4,15956,73.32%
dna,3,15959,73.34%
sequencing,3,15962,73.35%
dotnet core,3,15965,73.37%
platformio,3,15968,73.38%
corona warn app,3,15971,73.39%
utrecht university,3,15974,73.41%
literature,3,15977,73.42%
forecasting model,3,15980,73.43%
youtube,3,15983,73.45%
chest ct,3,15986,73.46%
lung segmentation,3,15989,73.48%
lung disease,3,15992,73.49%
medical image processing,3,15995,73.50%
virology,3,15998,73.52%
rshiny,3,16001,73.53%
python script,3,16004,73.54%
bitbar plugin,3,16007,73.56%
ncp,3,16010,73.57%
swagger,3,16013,73.59%
api server,3,16016,73.60%
molecular dynamics,3,16019,73.61%
prediction model,3,16022,73.63%
open source wuhan,3,16025,73.64%
australia,3,16028,73.65%
cdc,3,16031,73.67%
ontario,3,16034,73.68%
webcrawler,3,16037,73.70%
openlayers6,3,16040,73.71%
emberjs,3,16043,73.72%
package,3,16046,73.74%
utilities,3,16049,73.75%
engineering,3,16052,73.76%
axios vue,3,16055,73.78%
pipenv,3,16058,73.79%
example,3,16061,73.81%
facebook,3,16064,73.82%
case study,3,16067,73.83%
spider,3,16070,73.85%
aws ec2,3,16073,73.86%
kalman filter,3,16076,73.88%
line,3,16079,73.89%
influenza,3,16082,73.90%
dashboard application,3,16085,73.92%
php api,3,16088,73.93%
covid dashboard,3,16091,73.94%
inceptionv3,3,16094,73.96%
bs4 requests,3,16097,73.97%
clojure,3,16100,73.99%
neherlab,3,16103,74.00%
population,3,16106,74.01%
network analysis,3,16109,74.03%
coronavirus bot,3,16112,74.04%
flattenthecurve,3,16115,74.05%
2d game,3,16118,74.07%
browser extension,3,16121,74.08%
microsoft,3,16124,74.10%
redis,3,16127,74.11%
library,3,16130,74.12%
2019ncov api,3,16133,74.14%
covid map,3,16136,74.15%
gatsby site,3,16139,74.16%
austria,3,16142,74.18%
prometheus,3,16145,74.19%
exploratory data analysis,3,16148,74.21%
prophet model,3,16151,74.22%
rivm,3,16154,74.23%
netherlands,3,16157,74.25%
remote,3,16160,74.26%
disease control,3,16163,74.28%
google colab,3,16166,74.29%
coronavirus infections,3,16169,74.30%
daily updates,3,16172,74.32%
collated data,3,16175,74.33%
nginx,3,16178,74.34%
gcp,3,16181,74.36%
twilio sms,3,16184,74.37%
protezione civile,3,16187,74.39%
treatments,3,16190,74.40%
series,3,16193,74.41%
corona india state wise,3,16196,74.43%
coronavirus statistics,3,16199,74.44%
whatsapp,3,16202,74.45%
robot,3,16205,74.47%
gnuplot,3,16208,74.48%
covid 19 bulgaria,3,16211,74.50%
contributions welcome,3,16214,74.51%
prisma,3,16217,74.52%
wales,3,16220,74.54%
northern ireland,3,16223,74.55%
hasura,3,16226,74.56%
coronavirus brazil,3,16229,74.58%
viewmodel,3,16232,74.59%
selenium python,3,16235,74.61%
awareness,3,16238,74.62%
covid live data,3,16241,74.63%
helper,3,16244,74.65%
united states,3,16247,74.66%
programming,3,16250,74.67%
twitter streaming api,3,16253,74.69%
cad,3,16256,74.70%
apify,3,16259,74.72%
cheerio,3,16262,74.73%
jwt,3,16265,74.74%
covid 19 australia,3,16268,74.76%
webhook,3,16271,74.77%
coronavirus app,3,16274,74.79%
crises,3,16277,74.80%
distributed computing,3,16280,74.81%
fah,3,16283,74.83%
alexa,3,16286,74.84%
alexa skill,3,16289,74.85%
daily cases,3,16292,74.87%
detection model,3,16295,74.88%
alpine,3,16298,74.90%
video conferencing,3,16301,74.91%
caribbean,3,16304,74.92%
plotting,3,16307,74.94%
big data,3,16310,74.95%
html css,3,16313,74.96%
big data analytics,3,16316,74.98%
ci cd,3,16319,74.99%
choropleth,3,16322,75.01%
efficientnet,3,16325,75.02%
biostatistical computing,3,16328,75.03%
disease prediction,3,16331,75.05%
realtime tracking,3,16334,75.06%
git,3,16337,75.07%
random forest,3,16340,75.09%
covid app,3,16343,75.10%
saas,3,16346,75.12%
compartment models,3,16349,75.13%
cpu,3,16352,75.14%
taiwan,3,16355,75.16%
latinoamerica,3,16358,75.17%
npm package,3,16361,75.18%
infections,3,16364,75.20%
vggnet,3,16367,75.21%
text mining,3,16370,75.23%
shopping,3,16373,75.24%
swift5,3,16376,75.25%
electronjs,3,16379,75.27%
plugin,3,16382,75.28%
cord 19,3,16385,75.30%
slack webhook,3,16388,75.31%
ant design,3,16391,75.32%
chest radiography,3,16394,75.34%
qgis,3,16397,75.35%
stata,3,16400,75.36%
audio analysis,3,16403,75.38%
bulma,3,16406,75.39%
firebase hosting,3,16409,75.41%
command line interface,3,16412,75.42%
watson assistant,3,16415,75.43%
corona virus pandemic,3,16418,75.45%
scientific papers,3,16421,75.46%
google cloud platform,3,16424,75.47%
dotnet standard,3,16427,75.49%
slack,3,16430,75.50%
realtime data,3,16433,75.52%
colorado,3,16436,75.53%
unity,3,16439,75.54%
bluetooth le,3,16442,75.56%
moshi,3,16445,75.57%
material components,3,16448,75.58%
covid19 nz,3,16451,75.60%
fun,3,16454,75.61%
ios swift,3,16457,75.63%
state,3,16460,75.64%
sapper,3,16463,75.65%
celery,3,16466,75.67%
gh pages,3,16469,75.68%
volunteering,3,16472,75.70%
county level,3,16475,75.71%
kaggle competition,3,16478,75.72%
misinformation,3,16481,75.74%
sulawesi tengah,3,16484,75.75%
fuzzy logic,3,16487,75.76%
graphql server,3,16490,75.78%
asp net core,3,16493,75.79%
azure functions,3,16496,75.81%
scala,3,16499,75.82%
vscode,3,16502,75.83%
oxygen,3,16505,75.85%
hospital management system,3,16508,75.86%
barchartrace,3,16511,75.87%
localbusiness,3,16514,75.89%
nyc,3,16517,75.90%
sagemaker,3,16520,75.92%
israel,3,16523,75.93%
descriptive analysis,3,16526,75.94%
ipython notebook,3,16529,75.96%
social network,3,16532,75.97%
email,3,16535,75.98%
covid19cubadata,3,16538,76.00%
nuget package,3,16541,76.01%
3d models,3,16544,76.03%
e commerce,3,16547,76.04%
italy data,3,16550,76.05%
newsfeed,3,16553,76.07%
crowdsourcing,3,16556,76.08%
twitter data,3,16559,76.09%
chakra ui,3,16562,76.11%
covid19 map,3,16565,76.12%
flutter demo,3,16568,76.14%
wikipedia,3,16571,76.15%
predictive modeling,3,16574,76.16%
local,3,16577,76.18%
alert,3,16580,76.19%
jetpack,3,16583,76.21%
meetings,3,16586,76.22%
flutter web,3,16589,76.23%
saskatchewan,3,16592,76.25%
regression analysis,3,16595,76.26%
etl pipeline,3,16598,76.27%
quiz,3,16601,76.29%
senegal,3,16604,76.30%
reproduction number,3,16607,76.32%
positivity,3,16610,76.33%
covid19md voluntari,3,16613,76.34%
provider,3,16616,76.36%
differential equations,3,16619,76.37%
rt,3,16622,76.38%
blazor webassembly,3,16625,76.40%
amazon fresh services,3,16628,76.41%
economics,3,16631,76.43%
powershell,3,16634,76.44%
portugal,3,16637,76.45%
covid 19 russia,3,16640,76.47%
rapid api,3,16643,76.48%
doctor,3,16646,76.49%
chat,3,16649,76.51%
server,3,16652,76.52%
bots,3,16655,76.54%
flask backend,3,16658,76.55%
react leaflet,3,16661,76.56%
socket io,3,16664,76.58%
technology,3,16667,76.59%
angola,3,16670,76.60%
covid 19androidapp,3,16673,76.62%
virtual reality,3,16676,76.63%
python library,3,16679,76.65%
coronavirus daily report,3,16682,76.66%
vue router,3,16685,76.67%
politics,3,16688,76.69%
ncov dashboard,3,16691,76.70%
visual,3,16694,76.72%
social good,3,16697,76.73%
covid 19 nigeria,3,16700,76.74%
flow,3,16703,76.76%
robotics,3,16706,76.77%
covid19airesearchproject,3,16709,76.78%
terraform,3,16712,76.80%
air pollution,3,16715,76.81%
pandemic simulator,3,16718,76.83%
curve,3,16721,76.84%
nltk python,3,16724,76.85%
pydeck,3,16727,76.87%
thailand,3,16730,76.88%
spatial analysis,3,16733,76.89%
twilio sms api,3,16736,76.91%
hyperledger aries,3,16739,76.92%
covid bd,3,16742,76.94%
stan,3,16745,76.95%
sentiment,3,16748,76.96%
full stack web development,3,16751,76.98%
pubmed,3,16754,76.99%
anonymous,3,16757,77.00%
attestation deplacement,3,16760,77.02%
ct scan images,3,16763,77.03%
geolocation,3,16766,77.05%
pandas python,3,16769,77.06%
causal inference,3,16772,77.07%
image segmentation,3,16775,77.09%
projections,3,16778,77.10%
lung,3,16781,77.12%
rmarkdown,3,16784,77.13%
requests module,3,16787,77.14%
resnet 18,3,16790,77.16%
ajax,3,16793,77.17%
digitalocean,3,16796,77.18%
roberta,3,16799,77.20%
nepali,3,16802,77.21%
person detection,3,16805,77.23%
covid 19 usa,3,16808,77.24%
social distance monitoring,3,16811,77.25%
glide,3,16814,77.27%
covid detection,3,16817,77.28%
resnet,3,16820,77.29%
tkinter python,3,16823,77.31%
webserver,3,16826,77.32%
minify,3,16829,77.34%
plasma,3,16832,77.35%
ios14,3,16835,77.36%
self check,3,16838,77.38%
acikhack2,3,16841,77.39%
extraction,2,16843,77.40%
tika server,2,16845,77.41%
parse,2,16847,77.42%
meta genomics,2,16849,77.43%
ngs,2,16851,77.44%
viral,2,16853,77.45%
geospatial data,2,16855,77.46%
gps tracker,2,16857,77.46%
location based,2,16859,77.47%
media,2,16861,77.48%
javafx desktop apps,2,16863,77.49%
video,2,16865,77.50%
location,2,16867,77.51%
learning algorithms,2,16869,77.52%
systematic reviews,2,16871,77.53%
asreview,2,16873,77.54%
human rights,2,16875,77.55%
covid 19 ct,2,16877,77.56%
lung lobes,2,16879,77.57%
jsoup,2,16881,77.57%
d3v5,2,16883,77.58%
d3 geo,2,16885,77.59%
gradient descent,2,16887,77.60%
support,2,16889,77.61%
drug discovery,2,16891,77.62%
cplusplus,2,16893,77.63%
qq,2,16895,77.64%
deprecated,2,16897,77.65%
wuhan2020,2,16899,77.66%
covidify,2,16901,77.67%
gradle,2,16903,77.68%
telegram channel,2,16905,77.68%
pharo,2,16907,77.69%
scraping data,2,16909,77.70%
mathematica,2,16911,77.71%
situation reports,2,16913,77.72%
processing,2,16915,77.73%
censorship,2,16917,77.74%
anti censorship,2,16919,77.75%
nodemailer,2,16921,77.76%
systems science,2,16923,77.77%
ncov tracker,2,16925,77.78%
regex,2,16927,77.79%
extension,2,16929,77.80%
firefox extension,2,16931,77.80%
propaganda,2,16933,77.81%
covid 19 singapore,2,16935,77.82%
cheeriojs,2,16937,77.83%
numerical methods,2,16939,77.84%
art,2,16941,77.85%
stochastic processes,2,16943,77.86%
flu,2,16945,77.87%
full stack,2,16947,77.88%
coronavirus crawler,2,16949,77.89%
react simple maps,2,16951,77.90%
api covid 19,2,16953,77.91%
collaboration,2,16955,77.91%
django application,2,16957,77.92%
fish,2,16959,77.93%
jupyterlab,2,16961,77.94%
cpp,2,16963,77.95%
shoot em up,2,16965,77.96%
asynchronous,2,16967,77.97%
covid 19 malaysia,2,16969,77.98%
predictive analysis,2,16971,77.99%
gin,2,16973,78.00%
covid scraper,2,16975,78.01%
manubot,2,16977,78.02%
donating,2,16979,78.02%
donation,2,16981,78.03%
donations list website,2,16983,78.04%
fitting,2,16985,78.05%
exponential regression,2,16987,78.06%
datapackage,2,16989,78.07%
dpc,2,16991,78.08%
confirmed,2,16993,78.09%
macos app,2,16995,78.10%
gson,2,16997,78.11%
civic hacking,2,16999,78.12%
plotly express,2,17001,78.13%
oxford,2,17003,78.14%
finland,2,17005,78.14%
iorestoacasa,2,17007,78.15%
world health organization,2,17009,78.16%
restful webservices,2,17011,78.17%
spring mvc,2,17013,78.18%
sqlalchemy,2,17015,78.19%
datasette,2,17017,78.20%
streamlit dashboard,2,17019,78.21%
poland,2,17021,78.22%
hungary,2,17023,78.23%
coronavirus news,2,17025,78.24%
awesome corona,2,17027,78.25%
covid 19 ecuador,2,17029,78.25%
covid 19 uruguay,2,17031,78.26%
covid 19 bolivia,2,17033,78.27%
covid 19 argentina,2,17035,78.28%
covid 19 paraguay,2,17037,78.29%
online course,2,17039,78.30%
jitsi,2,17041,78.31%
time,2,17043,78.32%
travis ci,2,17045,78.33%
druhin,2,17047,78.34%
helpline,2,17049,78.35%
precautions,2,17051,78.36%
corona real time,2,17053,78.36%
c19,2,17055,78.37%
foss,2,17057,78.38%
floss,2,17059,78.39%
oss,2,17061,78.40%
phaser3,2,17063,78.41%
online,2,17065,78.42%
illinois,2,17067,78.43%
farsi,2,17069,78.44%
landkreise,2,17071,78.45%
newsletter,2,17073,78.46%
pymc3,2,17075,78.47%
fastpages,2,17077,78.48%
powerbi report,2,17079,78.48%
czech republic,2,17081,78.49%
doi,2,17083,78.50%
androidmvvm,2,17085,78.51%
daily counts,2,17087,78.52%
react router v4,2,17089,78.53%
coronavirus tracker cli,2,17091,78.54%
flashcards,2,17093,78.55%
decentralized applications,2,17095,78.56%
phoenix,2,17097,78.57%
florida,2,17099,78.58%
open source app,2,17101,78.59%
thymeleaf template engine,2,17103,78.59%
nextstrain,2,17105,78.60%
home assistant,2,17107,78.61%
fablab,2,17109,78.62%
coronaviruschile,2,17111,78.63%
sharepoint online,2,17113,78.64%
sharepoint,2,17115,78.65%
spfx,2,17117,78.66%
shapefile,2,17119,78.67%
spatial data,2,17121,78.68%
home,2,17123,78.69%
decision trees,2,17125,78.70%
css grid,2,17127,78.71%
resource manager,2,17129,78.71%
ngrx,2,17131,78.72%
metadata,2,17133,78.73%
covid 19 forecasting,2,17135,78.74%
coronavirus forecasting,2,17137,78.75%
opensourceforgood,2,17139,78.76%
online learning,2,17141,78.77%
classroom,2,17143,78.78%
corona live update,2,17145,78.79%
vanilla javascript,2,17147,78.80%
coronavirus mexico,2,17149,78.81%
redux saga,2,17151,78.82%
coronavirus simulation,2,17153,78.82%
dados,2,17155,78.83%
vanilla js,2,17157,78.84%
bigdata,2,17159,78.85%
outbreak severity,2,17161,78.86%
hapijs,2,17163,78.87%
jenkins,2,17165,78.88%
wfh resources,2,17167,78.89%
wfh,2,17169,78.90%
helpful engineering,2,17171,78.91%
sparql,2,17173,78.92%
vgg19,2,17175,78.93%
grad cam,2,17177,78.93%
research data,2,17179,78.94%
moscow,2,17181,78.95%
california,2,17183,78.96%
university,2,17185,78.97%
genetics,2,17187,78.98%
kmeans,2,17189,78.99%
android api,2,17191,79.00%
android library,2,17193,79.01%
nvidia docker,2,17195,79.02%
ecdc,2,17197,79.03%
npis,2,17199,79.04%
code for philly,2,17201,79.05%
penn,2,17203,79.05%
rstats package,2,17205,79.06%
history,2,17207,79.07%
rki,2,17209,79.08%
timeline,2,17211,79.09%
intel,2,17213,79.10%
apollo client,2,17215,79.11%
intersystems,2,17217,79.12%
visualization tools,2,17219,79.13%
covid charts,2,17221,79.14%
now,2,17223,79.15%
archive,2,17225,79.16%
xray detection,2,17227,79.16%
image recognition,2,17229,79.17%
firebase functions,2,17231,79.18%
here,2,17233,79.19%
preprints,2,17235,79.20%
ohio,2,17237,79.21%
relief,2,17239,79.22%
covid usa,2,17241,79.23%
innovation,2,17243,79.24%
chatbot telegram,2,17245,79.25%
webinar,2,17247,79.26%
predict,2,17249,79.27%
statistical inference,2,17251,79.27%
statistical computing,2,17253,79.28%
intervention study,2,17255,79.29%
chartjs bar,2,17257,79.30%
classnames,2,17259,79.31%
coronavirus spain,2,17261,79.32%
covid 19 ccaa,2,17263,79.33%
service relief,2,17265,79.34%
pygame,2,17267,79.35%
places,2,17269,79.36%
few shot learning,2,17271,79.37%
service worker,2,17273,79.38%
ireland,2,17275,79.39%
angular material,2,17277,79.39%
c19md,2,17279,79.40%
covid 19 moldova,2,17281,79.41%
covid virus,2,17283,79.42%
termux,2,17285,79.43%
callforcode,2,17287,79.44%
node red,2,17289,79.45%
corona live api,2,17291,79.46%
corona json,2,17293,79.47%
skeleton,2,17295,79.48%
covid 19 srilanka,2,17297,79.49%
knowledgebase,2,17299,79.50%
svg map,2,17301,79.50%
google cloud functions,2,17303,79.51%
csharp code,2,17305,79.52%
nuget,2,17307,79.53%
parser,2,17309,79.54%
stopcovid19jp,2,17311,79.55%
geocoding,2,17313,79.56%
threat intelligence,2,17315,79.57%
indicator of compromise,2,17317,79.58%
bloc,2,17319,79.59%
boostrap,2,17321,79.60%
ar,2,17323,79.61%
public data,2,17325,79.61%
gem,2,17327,79.62%
kotlin flow,2,17329,79.63%
kotlin dsl,2,17331,79.64%
room database,2,17333,79.65%
kotlin coroutines,2,17335,79.66%
mpandroidchart,2,17337,79.67%
biopython,2,17339,79.68%
reacr router dom,2,17341,79.69%
gis data,2,17343,79.70%
mcmc,2,17345,79.71%
covidtrends,2,17347,79.72%
discordjs,2,17349,79.73%
emergency medical equipment,2,17351,79.73%
pulmao mecanico,2,17353,79.74%
respirador,2,17355,79.75%
vuepress,2,17357,79.76%
yarn,2,17359,79.77%
webcomponents,2,17361,79.78%
corona detect,2,17363,79.79%
datasource,2,17365,79.80%
now sh,2,17367,79.81%
emergency,2,17369,79.82%
malaysia,2,17371,79.83%
mood,2,17373,79.84%
gulp,2,17375,79.84%
maroc,2,17377,79.85%
scanner,2,17379,79.86%
care,2,17381,79.87%
front end development,2,17383,79.88%
impact,2,17385,79.89%
waze,2,17387,79.90%
realtime database,2,17389,79.91%
sqlite database,2,17391,79.92%
bert embeddings,2,17393,79.93%
research paper,2,17395,79.94%
employment,2,17397,79.95%
ux design,2,17399,79.95%
covid 19 br,2,17401,79.96%
ventilator firmware,2,17403,79.97%
sulawesi,2,17405,79.98%
covid 19 lk,2,17407,79.99%
lk,2,17409,80.00%
chest,2,17411,80.01%
smartphone,2,17413,80.02%
coronavirus cases count,2,17415,80.03%
navigation architecture component,2,17417,80.04%
graphql api,2,17419,80.05%
federated learning,2,17421,80.06%
google assistant,2,17423,80.07%
ipados,2,17425,80.07%
assistant,2,17427,80.08%
co2,2,17429,80.09%
networks,2,17431,80.10%
mongo,2,17433,80.11%
seattle,2,17435,80.12%
dallas,2,17437,80.13%
raspberry pi,2,17439,80.14%
weather,2,17441,80.15%
game development,2,17443,80.16%
analysis data,2,17445,80.17%
disease surveillance,2,17447,80.18%
materialize css,2,17449,80.18%
contribution,2,17451,80.19%
servo,2,17453,80.20%
ambu bag,2,17455,80.21%
covid 19 ohio,2,17457,80.22%
scientific computing,2,17459,80.23%
cleaning,2,17461,80.24%
cobra,2,17463,80.25%
geographic data,2,17465,80.26%
ipfs,2,17467,80.27%
organization,2,17469,80.28%
flutter application,2,17471,80.29%
nivo,2,17473,80.30%
open access,2,17475,80.30%
journals,2,17477,80.31%
ciencia,2,17479,80.32%
deckgl,2,17481,80.33%
blog,2,17483,80.34%
3d printers,2,17485,80.35%
cpap,2,17487,80.36%
mobx,2,17489,80.37%
change point detection,2,17491,80.38%
json parser,2,17493,80.39%
messenger bot,2,17495,80.40%
google api,2,17497,80.41%
social network analysis,2,17499,80.41%
covid 19 dk,2,17501,80.42%
flexbox css,2,17503,80.43%
eventhandler,2,17505,80.44%
projet validation,2,17507,80.45%
eventlistener,2,17509,80.46%
covid 19 bd,2,17511,80.47%
nonviral times,2,17513,80.48%
news source,2,17515,80.49%
kazakhstan,2,17517,80.50%
disease detection,2,17519,80.51%
chexnet,2,17521,80.52%
ili9341,2,17523,80.52%
location data,2,17525,80.53%
local search,2,17527,80.54%
data collection,2,17529,80.55%
table,2,17531,80.56%
covid19id,2,17533,80.57%
code,2,17535,80.58%
ethiopia,2,17537,80.59%
corutines,2,17539,80.60%
survey,2,17541,80.61%
desktop,2,17543,80.62%
strapi,2,17545,80.63%
entertainment,2,17547,80.64%
webscraper api,2,17549,80.64%
daily report,2,17551,80.65%
data engineering,2,17553,80.66%
tunisia,2,17555,80.67%
assessment,2,17557,80.68%
room persistence library,2,17559,80.69%
pinned gist,2,17561,80.70%
google sheets,2,17563,80.71%
covid reports,2,17565,80.72%
nyt,2,17567,80.73%
sample,2,17569,80.74%
belgium,2,17571,80.75%
pdf generation,2,17573,80.75%
gehlenborglab,2,17575,80.76%
4ce,2,17577,80.77%
screenshot,2,17579,80.78%
estimation,2,17581,80.79%
leetcode,2,17583,80.80%
protezionecivile,2,17585,80.81%
pennsylvania,2,17587,80.82%
global covid19 hackathon,2,17589,80.83%
bayesian statistics,2,17591,80.84%
gdp,2,17593,80.85%
shareddataunit,2,17595,80.86%
pollution,2,17597,80.86%
environment,2,17599,80.87%
covid19bot,2,17601,80.88%
karuna 2020,2,17603,80.89%
coronavirus usa,2,17605,80.90%
geo,2,17607,80.91%
visual studio code,2,17609,80.92%
openstreetmap,2,17611,80.93%
covid 19 india tracker,2,17613,80.94%
covid19 india tracker,2,17615,80.95%
vue cli,2,17617,80.96%
covi,2,17619,80.97%
minecraft mod,2,17621,80.98%
interactive map,2,17623,80.98%
hospital management,2,17625,80.99%
municipios,2,17627,81.00%
ukraine,2,17629,81.01%
canvasjs,2,17631,81.02%
leaflet map,2,17633,81.03%
react map gl,2,17635,81.04%
ambu,2,17637,81.05%
montreal,2,17639,81.06%
menubar,2,17641,81.07%
widget,2,17643,81.08%
myanmar,2,17645,81.09%
covid 19 netherlands,2,17647,81.09%
colab,2,17649,81.10%
ministry,2,17651,81.11%
family welfare,2,17653,81.12%
spa,2,17655,81.13%
covid visual,2,17657,81.14%
ipynb,2,17659,81.15%
challenge,2,17661,81.16%
clean,2,17663,81.17%
data visualization project,2,17665,81.18%
flask sqlalchemy,2,17667,81.19%
disaster relief,2,17669,81.20%
ons,2,17671,81.20%
regional data,2,17673,81.21%
gps data,2,17675,81.22%
wechat,2,17677,81.23%
stepper motor,2,17679,81.24%
ux,2,17681,81.25%
hmi,2,17683,81.26%
infographics,2,17685,81.27%
non pharmaceutical interventions,2,17687,81.28%
complexity science hub,2,17689,81.29%
turkey,2,17691,81.30%
firebase realtime database,2,17693,81.31%
admin dashboard,2,17695,81.32%
project mesa,2,17697,81.32%
netstandard,2,17699,81.33%
netcore,2,17701,81.34%
coronavirus fight,2,17703,81.35%
community organizing,2,17705,81.36%
arm,2,17707,81.37%
airtable,2,17709,81.38%
hackthecrisis2020,2,17711,81.39%
metabase,2,17713,81.40%
kafka streams,2,17715,81.41%
mortality,2,17717,81.42%
koin kotlin,2,17719,81.43%
workmanager kotlin,2,17721,81.43%
dependency injection,2,17723,81.44%
nigeria api,2,17725,81.45%
filter,2,17727,81.46%
logistic regression,2,17729,81.47%
grafana dashboard,2,17731,81.48%
deep,2,17733,81.49%
reactstrap,2,17735,81.50%
clinical,2,17737,81.51%
security,2,17739,81.52%
hack,2,17741,81.53%
nuxt,2,17743,81.54%
simpy,2,17745,81.54%
firestore database,2,17747,81.55%
jawa,2,17749,81.56%
timur,2,17751,81.57%
web scraper,2,17753,81.58%
corona cases,2,17755,81.59%
extractor,2,17757,81.60%
highcharts js,2,17759,81.61%
economics models,2,17761,81.62%
agent,2,17763,81.63%
internet of things,2,17765,81.64%
neumorphism,2,17767,81.65%
flask server,2,17769,81.66%
vercel,2,17771,81.66%
vercel now,2,17773,81.67%
prophet,2,17775,81.68%
open source hardware,2,17777,81.69%
daily,2,17779,81.70%
corona turkiye,2,17781,81.71%
corona turkey,2,17783,81.72%
covid 19 turkiye,2,17785,81.73%
corona stats,2,17787,81.74%
stayathome,2,17789,81.75%
textblob sentiment analysis,2,17791,81.76%
tweepy,2,17793,81.77%
localhost,2,17795,81.77%
catalunya,2,17797,81.78%
mohfw,2,17799,81.79%
party,2,17801,81.80%
symptom checker,2,17803,81.81%
science research,2,17805,81.82%
scientometrics,2,17807,81.83%
record linkage,2,17809,81.84%
bibliometrics,2,17811,81.85%
climate,2,17813,81.86%
testing,2,17815,81.87%
our world in data,2,17817,81.88%
ins,2,17819,81.89%
georgia,2,17821,81.89%
modular,2,17823,81.90%
moshi converter,2,17825,81.91%
wash,2,17827,81.92%
assignment,2,17829,81.93%
research project,2,17831,81.94%
humanitarian aid,2,17833,81.95%
disinformation,2,17835,81.96%
explainable ai,2,17837,81.97%
policy,2,17839,81.98%
hyperledger,2,17841,81.99%
hyperledger indy,2,17843,82.00%
verifiable credentials,2,17845,82.00%
edge extension,2,17847,82.01%
react table,2,17849,82.02%
bigbasket,2,17851,82.03%
latent dirichlet allocation,2,17853,82.04%
zipcode,2,17855,82.05%
medical device,2,17857,82.06%
kubernetes deployment,2,17859,82.07%
docker container,2,17861,82.08%
texas,2,17863,82.09%
anaconda,2,17865,82.10%
parsing,2,17867,82.11%
smartphone app,2,17869,82.11%
viewbinding,2,17871,82.12%
grocery,2,17873,82.13%
businesses,2,17875,82.14%
rnn,2,17877,82.15%
asyncio,2,17879,82.16%
delivery slot alert,2,17881,82.17%
machinelearning python,2,17883,82.18%
share house,2,17885,82.19%
ibeacon,2,17887,82.20%
javafx,2,17889,82.21%
covid19 analysis,2,17891,82.22%
capacitor,2,17893,82.23%
cloud computing,2,17895,82.23%
gompertz,2,17897,82.24%
keras neural networks,2,17899,82.25%
rnn tensorflow,2,17901,82.26%
cabo verde,2,17903,82.27%
kabarvirus,2,17905,82.28%
terminal based,2,17907,82.29%
rasa chatbot,2,17909,82.30%
rasa nlu,2,17911,82.31%
accuracy,2,17913,82.32%
risk,2,17915,82.33%
cov,2,17917,82.34%
excel,2,17919,82.34%
import,2,17921,82.35%
fullstack javascript,2,17923,82.36%
self sovereign identity,2,17925,82.37%
healthcare datasets,2,17927,82.38%
devops,2,17929,82.39%
optimal control,2,17931,82.40%
cough,2,17933,82.41%
firefox addon,2,17935,82.42%
vuetifyjs,2,17937,82.43%
twilio python,2,17939,82.44%
gama academy,2,17941,82.45%
neumorphism dark,2,17943,82.45%
personal protective equipment,2,17945,82.46%
jpl,2,17947,82.47%
protective,2,17949,82.48%
nasa,2,17951,82.49%
nasajpl,2,17953,82.50%
cart,2,17955,82.51%
city of munich,2,17957,82.52%
stadt muenchen,2,17959,82.53%
xception,2,17961,82.54%
deep convolutional networks,2,17963,82.55%
conversational ai,2,17965,82.56%
mern stack,2,17967,82.57%
bayesian,2,17969,82.57%
volley,2,17971,82.58%
data protection,2,17973,82.59%
knn classification,2,17975,82.60%
rate,2,17977,82.61%
xamarin,2,17979,82.62%
euvsvirus,2,17981,82.63%
supply chain,2,17983,82.64%
adobe xd,2,17985,82.65%
school,2,17987,82.66%
health departments,2,17989,82.67%
facemaskdetect,2,17991,82.68%
caffe,2,17993,82.68%
mobilenetv2,2,17995,82.69%
bioinformatics analysis,2,17997,82.70%
densenet121,2,17999,82.71%
market,2,18001,82.72%
hive,2,18003,82.73%
cloud foundry,2,18005,82.74%
mvc,2,18007,82.75%
covidx ct dataset,2,18009,82.76%
rna seq,2,18011,82.77%
country data,2,18013,82.78%
antibody,2,18015,82.79%
alarmmanager,2,18017,82.79%
confusion matrix,2,18019,82.80%
jsx,2,18021,82.81%
mlops,2,18023,82.82%
covid19 diagnosis,2,18025,82.83%
meteor,2,18027,82.84%
vader sentiment analyzer,2,18029,82.85%
mysql database,2,18031,82.86%
firestore,2,18033,82.87%
ipywidgets,2,18035,82.88%
covid statistics,2,18037,82.89%
stay safe,2,18039,82.90%
dicoding,2,18041,82.91%
folium maps,2,18043,82.91%
ncdc,2,18045,82.92%
tutorial code,2,18047,82.93%
twilio api,2,18049,82.94%
math,2,18051,82.95%
pedestrian detection,2,18053,82.96%
open datasets,2,18055,82.97%
us covid19,2,18057,82.98%
surveillance,2,18059,82.99%
swift student challenge,2,18061,83.00%
wwdc scholarship,2,18063,83.01%
darknet,2,18065,83.02%
english,2,18067,83.02%
javascript library,2,18069,83.03%
covid 19 china,2,18071,83.04%
openvino,2,18073,83.05%
tool,2,18075,83.06%
appdevelopment,2,18077,83.07%
caltech,2,18079,83.08%
kibana visualization,2,18081,83.09%
sentiment classification,2,18083,83.10%
arima forecasting,2,18085,83.11%
arima,2,18087,83.12%
beginner,2,18089,83.13%
computer science,2,18091,83.13%
data structures,2,18093,83.14%
covid 19 tunisia,2,18095,83.15%
artificial neural networks,2,18097,83.16%
recurrent neural networks,2,18099,83.17%
ibm,2,18101,83.18%
directory,2,18103,83.19%
efficientnet pytorch,2,18105,83.20%
efficientnet pretrained,2,18107,83.21%
vgg,2,18109,83.22%
job board,2,18111,83.23%
countup,2,18113,83.24%
blazor,2,18115,83.25%
vaccine tracker,2,18117,83.25%
tkinter,2,18119,83.26%
vega,2,18121,83.27%
viz,2,18123,83.28%
project management,2,18125,83.29%
made in nepal,2,18127,83.30%
face,2,18129,83.31%
mathematical modelling,2,18131,83.32%
scikitlearn machine learning,2,18133,83.33%
ctscan dataset,2,18135,83.34%
rna,2,18137,83.35%
sequences,2,18139,83.36%
decentralized,2,18141,83.36%
simple,2,18143,83.37%
private,2,18145,83.38%
secure,2,18147,83.39%
deeplearning ai,2,18149,83.40%
ssd,2,18151,83.41%
drugbank,2,18153,83.42%
global health,2,18155,83.43%
arcgis js api,2,18157,83.44%
travel,2,18159,83.45%
covid 19india,2,18161,83.46%
angularcovid19indiawebapp,2,18163,83.47%
covid 19india tracker live cases,2,18165,83.48%
subplots,2,18167,83.48%
udacity nanodegree,2,18169,83.49%
unet image segmentation,2,18171,83.50%
lottie,2,18173,83.51%
maskdetection,2,18175,83.52%
abm,2,18177,83.53%
fullstack,2,18179,83.54%
ios14 widget,2,18181,83.55%
ascii,2,18183,83.56%
contactless,2,18185,83.57%
jsx syntax,2,18187,83.58%
numeral,2,18189,83.59%
buffer,1,18190,83.59%
tika python,1,18191,83.59%
text extraction,1,18192,83.60%
translation interface,1,18193,83.60%
usc,1,18194,83.61%
tika server jar,1,18195,83.61%
parser interface,1,18196,83.62%
recognition,1,18197,83.62%
memex,1,18198,83.63%
mime,1,18199,83.63%
nlp library,1,18200,83.64%
text recognition,1,18201,83.64%
geospatial analytics,1,18202,83.65%
gazetteer,1,18203,83.65%
tika,1,18204,83.65%
geospatial processing,1,18205,83.66%
geoparser,1,18206,83.66%
visualize locations,1,18207,83.67%
extract,1,18208,83.67%
solr,1,18209,83.68%
poco,1,18210,83.68%
schema,1,18211,83.69%
structured data,1,18212,83.69%
schema org,1,18213,83.70%
google structured data,1,18214,83.70%
json ld,1,18215,83.70%
ttgo,1,18216,83.71%
thethingsnetwork,1,18217,83.71%
macaddr,1,18218,83.72%
bme680,1,18219,83.72%
wifi,1,18220,83.73%
heltec,1,18221,83.73%
lorawan,1,18222,83.74%
ttn,1,18223,83.74%
dcf77,1,18224,83.75%
lopy,1,18225,83.75%
gps tracking,1,18226,83.76%
pycom,1,18227,83.76%
lora,1,18228,83.76%
compress,1,18229,83.77%
barcode,1,18230,83.77%
geography,1,18231,83.78%
editor,1,18232,83.78%
audio,1,18233,83.79%
icc,1,18234,83.79%
converter,1,18235,83.80%
ocr,1,18236,83.80%
gssoc20,1,18237,83.81%
gssoc,1,18238,83.81%
ultrasonic sensors,1,18239,83.82%
water monitoring,1,18240,83.82%
rgsoc,1,18241,83.82%
active learning,1,18242,83.83%
systematic literature reviews,1,18243,83.83%
arxiv,1,18244,83.84%
chinese communist party,1,18245,83.84%
society,1,18246,83.85%
totalitarians,1,18247,83.85%
ideology,1,18248,83.86%
protestas,1,18249,83.86%
chilean,1,18250,83.87%
tele,1,18251,83.87%
noticias,1,18252,83.87%
protest,1,18253,83.88%
iptv,1,18254,83.88%
livestream,1,18255,83.89%
first covid 19 repo,1,18256,83.89%
realtime api,1,18257,83.90%
crowdsensing,1,18258,83.90%
pathogens,1,18259,83.91%
viruses,1,18260,83.91%
amap js api,1,18261,83.92%
amap,1,18262,83.92%
wars,1,18263,83.93%
w virus,1,18264,83.93%
wechat official account,1,18265,83.93%
ridge regression,1,18266,83.94%
openness,1,18267,83.94%
wechat bot,1,18268,83.95%
online support,1,18269,83.95%
mers,1,18270,83.96%
lancaster university,1,18271,83.96%
shimo,1,18272,83.97%
coronavirus websites,1,18273,83.97%
real time map,1,18274,83.98%
info websites,1,18275,83.98%
nvoc,1,18276,83.99%
r language,1,18277,83.99%
ainize,1,18278,83.99%
swagger api,1,18279,84.00%
nosql data storage,1,18280,84.00%
flask echart,1,18281,84.01%
sklearn lr,1,18282,84.01%
elasticsearch cluster,1,18283,84.02%
playstore,1,18284,84.02%
ceres solver,1,18285,84.03%
g2o,1,18286,84.03%
freelancer,1,18287,84.04%
toppro,1,18288,84.04%
smalltalk,1,18289,84.04%
time series anomaly detection,1,18290,84.05%
anomaly detection,1,18291,84.05%
red cross,1,18292,84.06%
south korea,1,18293,84.06%
data warehouse,1,18294,84.07%
wolfram language,1,18295,84.07%
transcribed data,1,18296,84.08%
information visualization,1,18297,84.08%
infoviz,1,18298,84.09%
kcdc,1,18299,84.09%
crawling python,1,18300,84.10%
alerting,1,18301,84.10%
d3v4,1,18302,84.10%
coronavirus modeler,1,18303,84.11%
up to date,1,18304,84.11%
no more 404,1,18305,84.12%
amazon jp,1,18306,84.12%
subscription,1,18307,84.13%
email platform,1,18308,84.13%
zeit ui,1,18309,84.14%
vue cli 3,1,18310,84.14%
province level,1,18311,84.15%
prefecture level,1,18312,84.15%
mainland china,1,18313,84.16%
awesome covid 19,1,18314,84.16%
ncbi,1,18315,84.16%
wuhan 2019 ncov,1,18316,84.17%
bupt,1,18317,84.17%
regex match,1,18318,84.18%
krishnadevz,1,18319,84.18%
firefox,1,18320,84.19%
firefox extensions,1,18321,84.19%
open research,1,18322,84.20%
vue3 demo,1,18323,84.20%
alpha,1,18324,84.21%
vue3,1,18325,84.21%
composition api,1,18326,84.21%
vue3 typescript,1,18327,84.22%
wxapp,1,18328,84.22%
hanlp,1,18329,84.23%
official media,1,18330,84.23%
psl incubating,1,18331,84.24%
policy change,1,18332,84.24%
polynomial regression,1,18333,84.25%
crud,1,18334,84.25%
quickly,1,18335,84.26%
build,1,18336,84.26%
angular app,1,18337,84.27%
learn,1,18338,84.27%
spigot,1,18339,84.27%
bukkit plugin,1,18340,84.28%
bukkit,1,18341,84.28%
usegalaxy,1,18342,84.29%
alice skills,1,18343,84.29%
bottle,1,18344,84.30%
zhihu,1,18345,84.30%
hots,1,18346,84.31%
3d map,1,18347,84.31%
modelling biological systems,1,18348,84.32%
sir simulation,1,18349,84.32%
poisson process,1,18350,84.33%
ising model,1,18351,84.33%
cairo,1,18352,84.33%
openbabel,1,18353,84.34%
pymol,1,18354,84.34%
autodock vina,1,18355,84.35%
smile string,1,18356,84.35%
kalman,1,18357,84.36%
pocketmine mp plugin,1,18358,84.36%
pocketmine mp,1,18359,84.37%
chromedp,1,18360,84.37%
echo,1,18361,84.38%
webpush,1,18362,84.38%
echarts gl,1,18363,84.38%
incident,1,18364,84.39%
war,1,18365,84.39%
doomsday,1,18366,84.40%
google earth,1,18367,84.40%
web gl,1,18368,84.41%
earth,1,18369,84.41%
nhi drug,1,18370,84.42%
fda drug,1,18371,84.42%
fda,1,18372,84.43%
taiwan ailabs,1,18373,84.43%
china virus,1,18374,84.44%
china coronavirus,1,18375,84.44%
crawler corona,1,18376,84.44%
coronavirus php,1,18377,84.45%
crawler corona virus,1,18378,84.45%
d3 scale,1,18379,84.46%
free api,1,18380,84.46%
api free,1,18381,84.47%
api covid,1,18382,84.47%
contest matno,1,18383,84.48%
matno contest,1,18384,84.48%
contest programming,1,18385,84.49%
contest,1,18386,84.49%
matno,1,18387,84.50%
gogole news,1,18388,84.50%
facilities,1,18389,84.50%
django web app,1,18390,84.51%
malaria detection,1,18391,84.51%
diabetic retinopathy detection,1,18392,84.52%
tuberculosis,1,18393,84.52%
skin cancer,1,18394,84.53%
gcp cloud build,1,18395,84.53%
gcp cloud run,1,18396,84.54%
gcp cloud functions,1,18397,84.54%
hansl,1,18398,84.55%
gretl,1,18399,84.55%
corvid,1,18400,84.55%
data scraped,1,18401,84.56%
geochart,1,18402,84.56%
modules,1,18403,84.57%
sloth,1,18404,84.57%
gganimate,1,18405,84.58%
pie chart,1,18406,84.58%
reddit,1,18407,84.59%
data science lab,1,18408,84.59%
java 13,1,18409,84.60%
sfml,1,18410,84.60%
republic of korea,1,18411,84.61%
fast,1,18412,84.61%
asynchronous programming,1,18413,84.61%
stickyboard,1,18414,84.62%
dna sequences,1,18415,84.62%
silly,1,18416,84.63%
k8s fah,1,18417,84.63%
gin gonic,1,18418,84.64%
sra,1,18419,84.64%
discord server,1,18420,84.65%
wrapper,1,18421,84.65%
nodejs mongodb,1,18422,84.66%
kaffeine,1,18423,84.66%
freehosting,1,18424,84.67%
scheduler,1,18425,84.67%
hosting,1,18426,84.67%
filesystem,1,18427,84.68%
leaflet mobile,1,18428,84.68%
corona t,1,18429,84.69%
matrix,1,18430,84.69%
wechat mini program,1,18431,84.70%
facebook api,1,18432,84.70%
exploratory data visualizations,1,18433,84.71%
interventions,1,18434,84.71%
reproducible research,1,18435,84.72%
genetic algorithm,1,18436,84.72%
example code,1,18437,84.72%
remote working,1,18438,84.73%
rxbinding,1,18439,84.73%
pigeon maps,1,18440,84.74%
opensky api,1,18441,84.74%
gov,1,18442,84.75%
pcm,1,18443,84.75%
sars cov,1,18444,84.76%
webservice,1,18445,84.76%
covid webservice,1,18446,84.77%
academic,1,18447,84.77%
conference,1,18448,84.78%
csml,1,18449,84.78%
detect mask,1,18450,84.78%
ncov api,1,18451,84.79%
java library,1,18452,84.79%
java api wrapper,1,18453,84.80%
polybar,1,18454,84.80%
i3,1,18455,84.81%
coronavirus screening,1,18456,84.81%
opusvl,1,18457,84.82%
openehr,1,18458,84.82%
dito,1,18459,84.83%
apperta,1,18460,84.83%
ehrbase,1,18461,84.84%
network visualization,1,18462,84.84%
visualization application,1,18463,84.84%
pivotal cloud foundry,1,18464,84.85%
thymeleaf ui,1,18465,84.85%
springframework,1,18466,84.86%
resttemplate,1,18467,84.86%
reason react,1,18468,84.87%
nhs regions,1,18469,84.87%
uk data,1,18470,84.88%
phe,1,18471,84.88%
portainer,1,18472,84.89%
droplets,1,18473,84.89%
sanmarino,1,18474,84.89%
health england,1,18475,84.90%
guernsey,1,18476,84.90%
newrelic,1,18477,84.91%
situation,1,18478,84.91%
maharashtra,1,18479,84.92%
pune city,1,18480,84.92%
pune,1,18481,84.93%
tests positive,1,18482,84.93%
covid 19 poland,1,18483,84.94%
api scraper,1,18484,84.94%
dipartimento protezione civile,1,18485,84.95%
team digitale,1,18486,84.95%
malayalam,1,18487,84.95%
covid 19 venezuela,1,18488,84.96%
cqhttp,1,18489,84.96%
coolq,1,18490,84.97%
tencent meeting,1,18491,84.97%
qqbot,1,18492,84.98%
jitsi meet,1,18493,84.98%
videocall,1,18494,84.99%
healthqrcode,1,18495,84.99%
people monitoring,1,18496,85.00%
colour qr code,1,18497,85.00%
risks,1,18498,85.01%
covid 19 hyogo,1,18499,85.01%
omega oled extension,1,18500,85.01%
onion,1,18501,85.02%
oled,1,18502,85.02%
omega onion2,1,18503,85.03%
display,1,18504,85.03%
omega,1,18505,85.04%
hackthevirus,1,18506,85.04%
storybook,1,18507,85.05%
git flow,1,18508,85.05%
react bootst,1,18509,85.06%
open,1,18510,85.06%
coronavirus data crawler,1,18511,85.07%
communitynew,1,18512,85.07%
communitydata,1,18513,85.07%
bubble shooter,1,18514,85.08%
phaser game,1,18515,85.08%
gamedev,1,18516,85.09%
template project,1,18517,85.09%
bot whatsapp,1,18518,85.10%
alpinejs,1,18519,85.10%
persian,1,18520,85.11%
landkreisnewsletter,1,18521,85.11%
benachrichtigung,1,18522,85.12%
divi,1,18523,85.12%
papermill,1,18524,85.12%
nteract,1,18525,85.13%
communities,1,18526,85.13%
health department data,1,18527,85.14%
homeland security hifld,1,18528,85.14%
monitoring tool,1,18529,85.15%
aiodashboard,1,18530,85.15%
ethical data,1,18531,85.16%
redwoodjs,1,18532,85.16%
mailer,1,18533,85.17%
csv tables,1,18534,85.17%
nicd,1,18535,85.18%
videos,1,18536,85.18%
ncp visualization,1,18537,85.18%
logistic,1,18538,85.19%
contagi giornalieri,1,18539,85.19%
totale contagi,1,18540,85.20%
react context api,1,18541,85.20%
formik,1,18542,85.21%
react context,1,18543,85.21%
cloudwatch,1,18544,85.22%
score,1,18545,85.22%
county coronavirus scraper,1,18546,85.23%
anki desktop,1,18547,85.23%
anki deck,1,18548,85.24%
crowdanki,1,18549,85.24%
alfred,1,18550,85.24%
alfred workflow,1,18551,85.25%
covid 19 ro,1,18552,85.25%
linkdump,1,18553,85.26%
rxkotlin android,1,18554,85.26%
fragment lifecycle,1,18555,85.27%
circleci,1,18556,85.27%
blockstack,1,18557,85.28%
pandemic disease tracker,1,18558,85.28%
patient monitoring,1,18559,85.29%
css4,1,18560,85.29%
webworker,1,18561,85.29%
server side rendering,1,18562,85.30%
ssr,1,18563,85.30%
live view,1,18564,85.31%
slashdot,1,18565,85.31%
esnext,1,18566,85.32%
parameter estimation,1,18567,85.32%
seroprevalencia,1,18568,85.33%
okayama,1,18569,85.33%
stopcovid19,1,18570,85.34%
xgboost model,1,18571,85.34%
coranavirus live data,1,18572,85.35%
guidebook,1,18573,85.35%
emergency situation,1,18574,85.35%
collectionview,1,18575,85.36%
solutions,1,18576,85.36%
home assistant hacs,1,18577,85.37%
home assistant component,1,18578,85.37%
covid graph,1,18579,85.38%
appolo,1,18580,85.38%
reportportal,1,18581,85.39%
multithreading,1,18582,85.39%
towards data science,1,18583,85.40%
brock university,1,18584,85.40%
gephi visualizations,1,18585,85.41%
gephi,1,18586,85.41%
community detection,1,18587,85.41%
trento,1,18588,85.42%
trento province,1,18589,85.42%
opensourcemask,1,18590,85.43%
kromlaboro,1,18591,85.43%
3dprinted,1,18592,85.44%
digitalfabrication,1,18593,85.44%
caserta,1,18594,85.45%
airmask,1,18595,85.45%
browser game,1,18596,85.46%
mmorpg,1,18597,85.46%
pbbg,1,18598,85.46%
php game,1,18599,85.47%
mmo,1,18600,85.47%
browser based games,1,18601,85.48%
progressive web app,1,18602,85.48%
progressive web applications,1,18603,85.49%
apify sdk,1,18604,85.49%
lodash,1,18605,85.50%
spfx webpart,1,18606,85.50%
nursing,1,18607,85.51%
autotest,1,18608,85.51%
ecuador,1,18609,85.52%
telegram bot covid 19,1,18610,85.52%
mastodon bot,1,18611,85.52%
mastodon,1,18612,85.53%
arm templates,1,18613,85.53%
crm,1,18614,85.54%
new york city,1,18615,85.54%
new york,1,18616,85.55%
chatbot facebook,1,18617,85.55%
kawalcovid19,1,18618,85.56%
grid layout,1,18619,85.56%
coronavirus test,1,18620,85.57%
pyenv virtualenv,1,18621,85.57%
pyenv,1,18622,85.58%
starlette,1,18623,85.58%
fight,1,18624,85.58%
brochure,1,18625,85.59%
swiftui lists,1,18626,85.59%
aanalysis,1,18627,85.60%
howtocodewell,1,18628,85.60%
cancer,1,18629,85.61%
distributed systems,1,18630,85.61%
tailwind,1,18631,85.62%
monorepo,1,18632,85.62%
growth factor,1,18633,85.63%
gatsby source,1,18634,85.63%
vis,1,18635,85.63%
iobroker,1,18636,85.64%
bitbar,1,18637,85.64%
mqtt,1,18638,85.65%
hardware designs,1,18639,85.65%
face api,1,18640,85.66%
mongoku,1,18641,85.66%
docker compose wait,1,18642,85.67%
adminmongo,1,18643,85.67%
python api,1,18644,85.68%
remote study,1,18645,85.68%
teaching,1,18646,85.69%
online studies,1,18647,85.69%
studying,1,18648,85.69%
teaching tools,1,18649,85.70%
realtime collaboration,1,18650,85.70%
facetouch,1,18651,85.71%
covid19 scrapper,1,18652,85.71%
scrapper script,1,18653,85.72%
covid19scrapper,1,18654,85.72%
cloudflare,1,18655,85.73%
cdk,1,18656,85.73%
eks,1,18657,85.74%
fargate,1,18658,85.74%
virus spreading,1,18659,85.75%
argentina data,1,18660,85.75%
covid 19 mex,1,18661,85.75%
saude,1,18662,85.76%
3d visualization,1,18663,85.76%
plain javascript,1,18664,85.77%
economic recovery,1,18665,85.77%
visual analytics,1,18666,85.78%
global airlines,1,18667,85.78%
ghana,1,18668,85.79%
sandi,1,18669,85.79%
2019 novel kg,1,18670,85.80%
azure pipelines,1,18671,85.80%
app center,1,18672,85.80%
covid 19 parana,1,18673,85.81%
laboratory automation,1,18674,85.81%
covid19 florida,1,18675,85.82%
anki,1,18676,85.82%
srs,1,18677,85.83%
anki addon,1,18678,85.83%
croatia,1,18679,85.84%
neighbourhood assistance,1,18680,85.84%
cuda,1,18681,85.85%
resnet 152,1,18682,85.85%
occlusion sensitivity,1,18683,85.86%
gpu tensorflow,1,18684,85.86%
infected patients,1,18685,85.86%
chest ct images,1,18686,85.87%
hdruk,1,18687,85.87%
gisaid,1,18688,85.88%
tachyons,1,18689,85.88%
preact,1,18690,85.89%
psr 6,1,18691,85.89%
aws api gateway,1,18692,85.90%
scrutinizer,1,18693,85.90%
travis,1,18694,85.91%
gpt 2,1,18695,85.91%
appengine java,1,18696,85.92%
assistance,1,18697,85.92%
neighborhood,1,18698,85.92%
riverside,1,18699,85.93%
ontology,1,18700,85.93%
covid 19 romania,1,18701,85.94%
medical myths,1,18702,85.94%
polygenic risk scores,1,18703,85.95%
uk biobank,1,18704,85.95%
hla,1,18705,85.96%
blood group,1,18706,85.96%
abo blood,1,18707,85.97%
algerian developpers,1,18708,85.97%
wilaya,1,18709,85.97%
highcharter,1,18710,85.98%
outbreak data analysis,1,18711,85.98%
aiforsocialgood,1,18712,85.99%
logistic model epidemics,1,18713,85.99%
pandoc,1,18714,86.00%
gouvernement,1,18715,86.00%
tsne,1,18716,86.01%
dimensionality reduction,1,18717,86.01%
pca,1,18718,86.02%
principal component analysis,1,18719,86.02%
kmeans clustering,1,18720,86.03%
sgd classifier,1,18721,86.03%
murcia,1,18722,86.03%
consumable,1,18723,86.04%
anonymous from georgia,1,18724,86.04%
anonymousfromgeorgia,1,18725,86.05%
awesome awesome,1,18726,86.05%
spam domains,1,18727,86.06%
covid 19 cplp,1,18728,86.06%
covid 19 portugal,1,18729,86.07%
elasticbeanstalk,1,18730,86.07%
showcase,1,18731,86.08%
experimental,1,18732,86.08%
recovery rate,1,18733,86.09%
death rate,1,18734,86.09%
mlx,1,18735,86.09%
amd64,1,18736,86.10%
gpu support,1,18737,86.10%
huntingtons disease,1,18738,86.11%
opencl,1,18739,86.11%
parkinsons disease,1,18740,86.12%
alzheimers disease,1,18741,86.12%
uddr,1,18742,86.13%
digital rights,1,18743,86.13%
udhr,1,18744,86.14%
canarias,1,18745,86.14%
islands,1,18746,86.14%
virtual containers,1,18747,86.15%
rocker,1,18748,86.15%
podman,1,18749,86.16%
rstudio server,1,18750,86.16%
crime,1,18751,86.17%
timeseries canada,1,18752,86.17%
deutschland,1,18753,86.18%
case count,1,18754,86.18%
fallzahlen,1,18755,86.19%
oneapi,1,18756,86.19%
openvino toolkit,1,18757,86.20%
javascipt,1,18758,86.20%
kepler gl,1,18759,86.20%
cep,1,18760,86.21%
beepbeep,1,18761,86.21%
text analysis,1,18762,86.22%
objectscript,1,18763,86.22%
intersystems objectscript,1,18764,86.23%
chart templates,1,18765,86.23%
dataviz tools,1,18766,86.24%
insomnia,1,18767,86.24%
dados atualizados sobre,1,18768,86.25%
makair respirators,1,18769,86.25%
fusion 360,1,18770,86.26%
ards,1,18771,86.26%
nucleo board,1,18772,86.26%
covid respirator,1,18773,86.27%
nowcasting,1,18774,86.27%
file sharing,1,18775,86.28%
files,1,18776,86.28%
cloud functions,1,18777,86.29%
covid tracker bd,1,18778,86.29%
tabler,1,18779,86.30%
trentino,1,18780,86.30%
tensor,1,18781,86.31%
appointment,1,18782,86.31%
electron vue,1,18783,86.31%
data gouv fr,1,18784,86.32%
faq virus,1,18785,86.32%
oms,1,18786,86.33%
outils,1,18787,86.33%
french,1,18788,86.34%
cnil,1,18789,86.34%
hack for good,1,18790,86.35%
gocoronago website,1,18791,86.35%
padchest dataset,1,18792,86.36%
bimcv,1,18793,86.36%
rx,1,18794,86.37%
scientific community,1,18795,86.37%
scenarios,1,18796,86.37%
south carolina,1,18797,86.38%
virginia,1,18798,86.38%
united states data,1,18799,86.39%
corona visualisation,1,18800,86.39%
coreml,1,18801,86.40%
cluster analysis,1,18802,86.40%
forecasting covid 19,1,18803,86.41%
time series clustering,1,18804,86.41%
j,1,18805,86.42%
covid support,1,18806,86.42%
code for chapel hill,1,18807,86.43%
civictechindex,1,18808,86.43%
rapid response,1,18809,86.43%
code for all,1,18810,86.44%
coronovirus android,1,18811,86.44%
innovacionsocial,1,18812,86.45%
chatbot fb,1,18813,86.45%
swag,1,18814,86.46%
ports and adapters,1,18815,86.46%
knowledge is power,1,18816,86.47%
ddd,1,18817,86.47%
containment,1,18818,86.48%
videoconference,1,18819,86.48%
spatial,1,18820,86.48%
covid19 cluster,1,18821,86.49%
epidemiological data,1,18822,86.49%
policy evaluation,1,18823,86.50%
codeocean capsule,1,18824,86.50%
statistical methods,1,18825,86.51%
predicting cryptocurrency prices,1,18826,86.51%
price fluctuations,1,18827,86.52%
react axios,1,18828,86.52%
proxy,1,18829,86.53%
covid 19 es,1,18830,86.53%
covid nz,1,18831,86.54%
cities,1,18832,86.54%
gatsby theme,1,18833,86.54%
gatsby starter service relief,1,18834,86.55%
gatsby starter kit,1,18835,86.55%
resource allocation,1,18836,86.56%
training data,1,18837,86.56%
wavelet analysis,1,18838,86.57%
cough monitor,1,18839,86.57%
covidbr,1,18840,86.58%
la,1,18841,86.58%
gitlab ci,1,18842,86.59%
git scraping,1,18843,86.59%
sheets,1,18844,86.60%
lfk,1,18845,86.60%
covid 19 elsalvador,1,18846,86.60%
covid 19 costarica,1,18847,86.61%
covid 19 south america,1,18848,86.61%
covid 19 latinamerica,1,18849,86.62%
covid 19 nicaragua,1,18850,86.62%
computational social science,1,18851,86.63%
siamese network,1,18852,86.63%
react pwa,1,18853,86.64%
ddrobotec,1,18854,86.64%
ywesee,1,18855,86.65%
esri,1,18856,86.65%
wallpaper changer,1,18857,86.66%
headless,1,18858,86.66%
fitness,1,18859,86.66%
peer to peer,1,18860,86.67%
school project,1,18861,86.67%
tablesaw,1,18862,86.68%
jackson,1,18863,86.68%
civicrm extension,1,18864,86.69%
civicrm,1,18865,86.69%
cmd,1,18866,86.70%
diagrams,1,18867,86.70%
protezione civile dataset,1,18868,86.71%
watson discovery,1,18869,86.71%
covid19 algeria,1,18870,86.71%
proximity sensor,1,18871,86.72%
prototype,1,18872,86.72%
corona json api,1,18873,86.73%
voluntarios,1,18874,86.73%
covol19,1,18875,86.74%
easyadmin,1,18876,86.74%
dr congo,1,18877,86.75%
openmaine,1,18878,86.75%
resource mapping,1,18879,86.76%
actor,1,18880,86.76%
jena,1,18881,86.77%
knowledge representation,1,18882,86.77%
openie,1,18883,86.77%
intersystems iris,1,18884,86.78%
intersystems iknow,1,18885,86.78%
eleventy,1,18886,86.79%
qna maker,1,18887,86.79%
corona outbreak,1,18888,86.80%
google cloud run,1,18889,86.80%
csharp library,1,18890,86.81%
svg badges,1,18891,86.81%
badges,1,18892,86.82%
mvpbuzz,1,18893,86.82%
coronavirus report,1,18894,86.83%
drrudosql,1,18895,86.83%
mvp,1,18896,86.83%
prometheus exporter,1,18897,86.84%
hacking while quarantined,1,18898,86.84%
covid19 haiti,1,18899,86.85%
postman collection,1,18900,86.85%
flattening the curve,1,18901,86.86%
analisys,1,18902,86.86%
gsheets,1,18903,86.87%
datastudio,1,18904,86.87%
minsal,1,18905,86.88%
airflow dags,1,18906,86.88%
comprehension,1,18907,86.88%
explanation,1,18908,86.89%
popularizing science,1,18909,86.89%
golang library,1,18910,86.90%
go library,1,18911,86.90%
ibaraki,1,18912,86.91%
coronaflight hkg,1,18913,86.91%
vhhh,1,18914,86.92%
crawling,1,18915,86.92%
crawl,1,18916,86.93%
hpc,1,18917,86.93%
compute,1,18918,86.94%
helm,1,18919,86.94%
capacity,1,18920,86.94%
helm chart,1,18921,86.95%
london,1,18922,86.95%
theme ui,1,18923,86.96%
review,1,18924,86.96%
manuscript,1,18925,86.97%
coronavirus scams,1,18926,86.97%
cyber threat intelligence,1,18927,86.98%
cybersecurity reports,1,18928,86.98%
coronavirus phishing,1,18929,86.99%
threatintel,1,18930,86.99%
cyber security,1,18931,87.00%
infosec,1,18932,87.00%
reporter,1,18933,87.00%
aws lambda python,1,18934,87.01%
slovenia,1,18935,87.01%
ruby on rails,1,18936,87.02%
hopkins api,1,18937,87.02%
maldives,1,18938,87.03%
sun news,1,18939,87.03%
dhivehi,1,18940,87.04%
alert levels,1,18941,87.04%
composer package,1,18942,87.05%
php library,1,18943,87.05%
hpa,1,18944,87.05%
avas,1,18945,87.06%
total statistics,1,18946,87.06%
medical images,1,18947,87.07%
denver,1,18948,87.07%
arfoundation,1,18949,87.08%
dashboard templates,1,18950,87.08%
tigergraph,1,18951,87.09%
galvanize,1,18952,87.09%
corona server,1,18953,87.10%
initiative,1,18954,87.10%
techno egaby,1,18955,87.11%
covid simulator,1,18956,87.11%
openshift,1,18957,87.11%
load balancing,1,18958,87.12%
cdn,1,18959,87.12%
pixel server,1,18960,87.13%
event broker,1,18961,87.13%
event driven,1,18962,87.14%
solace,1,18963,87.14%
risk areas,1,18964,87.15%
proximity,1,18965,87.15%
sgx,1,18966,87.16%
location history,1,18967,87.16%
trusted execution environment,1,18968,87.17%
bluetooth trackers,1,18969,87.17%
bluetooth beacons,1,18970,87.17%
dotnet core3,1,18971,87.18%
gource visualization,1,18972,87.18%
ktlint,1,18973,87.19%
timber,1,18974,87.19%
covidheroes,1,18975,87.20%
boosting algorithms,1,18976,87.20%
twit,1,18977,87.21%
job,1,18978,87.21%
digitalhealth,1,18979,87.22%
reducer,1,18980,87.22%
context api,1,18981,87.22%
elisa,1,18982,87.23%
imaging,1,18983,87.23%
covid19 serology,1,18984,87.24%
antigen arrays,1,18985,87.24%
data munging,1,18986,87.25%
pilot,1,18987,87.25%
free service,1,18988,87.26%
covid 19 graphics,1,18989,87.26%
covid massachusetts,1,18990,87.27%
fetch,1,18991,87.27%
maths problem,1,18992,87.28%
label,1,18993,87.28%
ecs,1,18994,87.28%
order on the go,1,18995,87.29%
healthcare management,1,18996,87.29%
testing process,1,18997,87.30%
self service,1,18998,87.30%
drive through,1,18999,87.31%
buildforcovid19,1,19000,87.31%
cornavirus map,1,19001,87.32%
open street map,1,19002,87.32%
vue2leaflet,1,19003,87.33%
swiftui example,1,19004,87.33%
ambu pressurizer,1,19005,87.34%
laser cutting,1,19006,87.34%
brazilian portuguese,1,19007,87.34%
control systems,1,19008,87.35%
pressure sensing,1,19009,87.35%
low cost,1,19010,87.36%
equipamento medico de emergencia,1,19011,87.36%
nodemcu arduino,1,19012,87.37%
backend services,1,19013,87.37%
phalcon framework,1,19014,87.38%
angular cli,1,19015,87.38%
angular cli9,1,19016,87.39%
covid 19 israel,1,19017,87.39%
nexd,1,19018,87.39%
hyperapp,1,19019,87.40%
codevid19,1,19020,87.40%
covtech,1,19021,87.41%
peak,1,19022,87.41%
highstocks,1,19023,87.42%
pneumatic systems,1,19024,87.42%
data retrieval,1,19025,87.43%
murmeltier,1,19026,87.43%
k40laser,1,19027,87.44%
opencovid19,1,19028,87.44%
jogl,1,19029,87.45%
detect,1,19030,87.45%
aws ses,1,19031,87.45%
probability checker,1,19032,87.46%
probability,1,19033,87.46%
checker,1,19034,87.47%
coronasafe,1,19035,87.47%
pms,1,19036,87.48%
covidzero,1,19037,87.48%
chloroquine,1,19038,87.49%
preprint,1,19039,87.49%
firebase cloud messaging,1,19040,87.50%
coronavirus impact dashboard,1,19041,87.50%
bid,1,19042,87.51%
traffic congestion,1,19043,87.51%
idb,1,19044,87.51%
close contacts,1,19045,87.52%
pandas datareader,1,19046,87.52%
centroids data,1,19047,87.53%
planetary js,1,19048,87.53%
pandemics,1,19049,87.54%
county health data,1,19050,87.54%
response4life,1,19051,87.55%
risk assessment,1,19052,87.55%
risk modelling,1,19053,87.56%
cosine similarity,1,19054,87.56%
query,1,19055,87.56%
google colaboratory,1,19056,87.57%
emulator,1,19057,87.57%
isa,1,19058,87.58%
16 bit,1,19059,87.58%
machine,1,19060,87.59%
assembler,1,19061,87.59%
language,1,19062,87.60%
assembly,1,19063,87.60%
virtual machine,1,19064,87.61%
fantasy,1,19065,87.61%
covid19 sequencing,1,19066,87.62%
msspe,1,19067,87.62%
nextflow,1,19068,87.62%
sewing patterns,1,19069,87.63%
news reports,1,19070,87.63%
tomographic images,1,19071,87.64%
startpoint,1,19072,87.64%
site,1,19073,87.65%
google takeout,1,19074,87.65%
quizapp,1,19075,87.66%
palu,1,19076,87.66%
pico sulteng,1,19077,87.67%
curve fitting,1,19078,87.67%
mixed effects,1,19079,87.68%
bing,1,19080,87.68%
orange,1,19081,87.68%
essentials,1,19082,87.69%
neighbourhood supply,1,19083,87.69%
tray application,1,19084,87.70%
tray widget,1,19085,87.70%
tray,1,19086,87.71%
woltlab,1,19087,87.71%
woltlab suite,1,19088,87.72%
respiratory illnesses,1,19089,87.72%
reporting symptoms,1,19090,87.73%
sylius plugin,1,19091,87.73%
sylius,1,19092,87.73%
click and collect,1,19093,87.74%
symfony bundle,1,19094,87.74%
buefy,1,19095,87.75%
covid assistant,1,19096,87.75%
webscrapper,1,19097,87.76%
maurice,1,19098,87.76%
mauritius,1,19099,87.77%
bioscience,1,19100,87.77%
wikipathways,1,19101,87.78%
laravel framework,1,19102,87.78%
saale,1,19103,87.79%
gesucht,1,19104,87.79%
finanzierung,1,19105,87.79%
halle,1,19106,87.80%
wird,1,19107,87.80%
covid 19 austrlia,1,19108,87.81%
quedateencasa,1,19109,87.81%
simulation model,1,19110,87.82%
covid 19 thailand,1,19111,87.82%
mapedia,1,19112,87.83%
covid 19 th,1,19113,87.83%
away covid 19,1,19114,87.84%
sopel modules,1,19115,87.84%
sopel,1,19116,87.85%
irc,1,19117,87.85%
sopel plugin,1,19118,87.85%
irc bot,1,19119,87.86%
regions,1,19120,87.86%
nuts3,1,19121,87.87%
nuts2,1,19122,87.87%
geodjango,1,19123,87.88%
postgis,1,19124,87.88%
distributed learning,1,19125,87.89%
health data,1,19126,87.89%
pendamic,1,19127,87.90%
wordpre,1,19128,87.90%
google assistant actions,1,19129,87.90%
maven,1,19130,87.91%
iphone,1,19131,87.91%
assistive technology,1,19132,87.92%
zsh,1,19133,87.92%
emerging countries,1,19134,87.93%
celso monteiro,1,19135,87.93%
ear,1,19136,87.94%
notification system,1,19137,87.94%
corona virus outbreak,1,19138,87.95%
esp32 arduino,1,19139,87.95%
mvvmmmmmmm,1,19140,87.96%
mobiledevelopers,1,19141,87.96%
iammexican,1,19142,87.96%
biomedical data,1,19143,87.97%
first project,1,19144,87.97%
expert searcher,1,19145,87.98%
evidence,1,19146,87.98%
evidence synthesis,1,19147,87.99%
illustration,1,19148,87.99%
python plotly,1,19149,88.00%
auto arima,1,19150,88.00%
matplotlib animation,1,19151,88.01%
pyra,1,19152,88.01%
austin,1,19153,88.02%
takeout,1,19154,88.02%
sanfrancisco,1,19155,88.02%
cirrus,1,19156,88.03%
grommet controls,1,19157,88.03%
grommet,1,19158,88.04%
weather station,1,19159,88.04%
openweathermap api,1,19160,88.05%
rpi,1,19161,88.05%
frequent terms,1,19162,88.06%
dissemination,1,19163,88.06%
twitter stream,1,19164,88.07%
tweets acquired,1,19165,88.07%
ngrams,1,19166,88.07%
retweets,1,19167,88.08%
daily reports,1,19168,88.08%
cves,1,19169,88.09%
ioc,1,19170,88.09%
ioc files,1,19171,88.10%
public health care,1,19172,88.10%
frontend web,1,19173,88.11%
covid 19 sr,1,19174,88.11%
first issue,1,19175,88.12%
jhu dataset,1,19176,88.12%
ny dataset,1,19177,88.13%
starlett,1,19178,88.13%
mechanical ventilation,1,19179,88.13%
respiration helper,1,19180,88.14%
supermarkets,1,19181,88.14%
pharmacies,1,19182,88.15%
matsim,1,19183,88.15%
sekitarkita,1,19184,88.16%
laravel nova,1,19185,88.16%
osc,1,19186,88.17%
nuxt module,1,19187,88.17%
accenture,1,19188,88.18%
distancing,1,19189,88.18%
ino,1,19190,88.19%
ultrasonic sensor,1,19191,88.19%
healthy,1,19192,88.19%
cleaner,1,19193,88.20%
hc sr04,1,19194,88.20%
sg90,1,19195,88.21%
hand,1,19196,88.21%
domotic,1,19197,88.22%
ultrasound,1,19198,88.22%
epidemiological models,1,19199,88.23%
pyross,1,19200,88.23%
government app,1,19201,88.24%
neo4jgraphql,1,19202,88.24%
bahia,1,19203,88.25%
mobx react,1,19204,88.25%
fablabs,1,19205,88.25%
apiviz,1,19206,88.26%
sankey,1,19207,88.26%
sankey diagram,1,19208,88.27%
caribbean developers,1,19209,88.27%
gen3 data dictionary,1,19210,88.28%
copasi,1,19211,88.28%
pico sulteng api,1,19212,88.29%
provinsi sulawesi tengah,1,19213,88.29%
data posko,1,19214,88.30%
rumah sakit,1,19215,88.30%
data kabupaten,1,19216,88.30%
go cli,1,19217,88.31%
datosabiertos,1,19218,88.31%
temperature detection,1,19219,88.32%
visualization dashboard,1,19220,88.32%
coronavirus modeling,1,19221,88.33%
ghport,1,19222,88.33%
document cl,1,19223,88.34%
openapi,1,19224,88.34%
datacrawler,1,19225,88.35%
libp2p,1,19226,88.35%
temporalx,1,19227,88.36%
aiohttp,1,19228,88.36%
front page,1,19229,88.36%
issue tracker,1,19230,88.37%
covid19 timeseries,1,19231,88.37%
mobile application,1,19232,88.38%
nvidia container toolkit,1,19233,88.38%
nvidia cuda,1,19234,88.39%
nvidia,1,19235,88.39%
citizen participation,1,19236,88.40%
congo,1,19237,88.40%
scientific,1,19238,88.41%
covid19 minimalist,1,19239,88.41%
covid19cli,1,19240,88.42%
covid19 widget,1,19241,88.42%
journalism,1,19242,88.42%
data journalism,1,19243,88.43%
comokit,1,19244,88.43%
supply chain management,1,19245,88.44%
semantics,1,19246,88.44%
graphsforgood,1,19247,88.45%
test tracking,1,19248,88.45%
medium,1,19249,88.46%
snorkel,1,19250,88.46%
epis,1,19251,88.47%
epis sanitario,1,19252,88.47%
ipe,1,19253,88.47%
sanitarie,1,19254,88.48%
shopware,1,19255,88.48%
newma,1,19256,88.49%
photonic computing,1,19257,88.49%
kaggle xray dataset,1,19258,88.50%
biomedical image processing,1,19259,88.50%
bottender,1,19260,88.51%
computational,1,19261,88.51%
aspect based sentiment analysis,1,19262,88.52%
tudelft,1,19263,88.52%
portuguese brazilian,1,19264,88.53%
survey data,1,19265,88.53%
feature selection,1,19266,88.53%
za,1,19267,88.54%
flutterdesign,1,19268,88.54%
flutterdemo,1,19269,88.55%
pddl,1,19270,88.55%
reinforcement learning,1,19271,88.56%
population dynamics,1,19272,88.56%
networkx,1,19273,88.57%
infection projections,1,19274,88.57%
algorand,1,19275,88.58%
algorand blockchain,1,19276,88.58%
class activation maps,1,19277,88.59%
az touch,1,19278,88.59%
ardui touch,1,19279,88.59%
textblob,1,19280,88.60%
arduino mkr wifi 1010,1,19281,88.60%
army ventilator,1,19282,88.61%
computational chemistry,1,19283,88.61%
molecule generation,1,19284,88.62%
minimal,1,19285,88.62%
bibliographic data,1,19286,88.63%
drawing,1,19287,88.63%
leipzig,1,19288,88.64%
local heroes leipzig,1,19289,88.64%
covid visualizer,1,19290,88.64%
robert koch institut,1,19291,88.65%
gene sets,1,19292,88.65%
drug sets,1,19293,88.66%
cleavage sites,1,19294,88.66%
protease,1,19295,88.67%
flexadashboard,1,19296,88.67%
columbus,1,19297,88.68%
crowdsourced,1,19298,88.68%
deployed,1,19299,88.69%
real,1,19300,88.69%
howtocode,1,19301,88.70%
corona app,1,19302,88.70%
react native app,1,19303,88.70%
worldwide cases,1,19304,88.71%
incubation period,1,19305,88.71%
bokeh dashboard,1,19306,88.72%
koin injection,1,19307,88.72%
koa,1,19308,88.73%
leveldb,1,19309,88.73%
kaggle notebook,1,19310,88.74%
covid 19 desktop application,1,19311,88.74%
desktop application,1,19312,88.75%
zamboanga,1,19313,88.75%
beautiful,1,19314,88.76%
machines,1,19315,88.76%
rest auth,1,19316,88.76%
bolsonaro,1,19317,88.77%
webflux,1,19318,88.77%
server sent events,1,19319,88.78%
rxjs,1,19320,88.78%
cdr,1,19321,88.79%
freeschoolmeals,1,19322,88.79%
welfare,1,19323,88.80%
resnext,1,19324,88.80%
actuarial,1,19325,88.81%
actuarial modeling,1,19326,88.81%
pakistan,1,19327,88.81%
jhipster,1,19328,88.82%
concept,1,19329,88.82%
coronavirus realtime esp32 s,1,19330,88.83%
indiana,1,19331,88.83%
evansville,1,19332,88.84%
dvc,1,19333,88.84%
grandstack,1,19334,88.85%
people counter,1,19335,88.85%
onpremise,1,19336,88.86%
html canvas,1,19337,88.86%
covid api client,1,19338,88.87%
covid php api,1,19339,88.87%
long reads,1,19340,88.87%
pacbio,1,19341,88.88%
long read sequencing,1,19342,88.88%
jda discord bot,1,19343,88.89%
jda,1,19344,88.89%
sonarcloud,1,19345,88.90%
covid 19 serbia,1,19346,88.90%
notification service,1,19347,88.91%
carrefour,1,19348,88.91%
drive,1,19349,88.92%
alberta,1,19350,88.92%
microbial sequences,1,19351,88.93%
mngs,1,19352,88.93%
viral infectious diseases,1,19353,88.93%
hcov,1,19354,88.94%
mathematical biology,1,19355,88.94%
daily files,1,19356,88.95%
simulation modeling,1,19357,88.95%
pascal,1,19358,88.96%
radstudio,1,19359,88.96%
delphi,1,19360,88.97%
bootcamp,1,19361,88.97%
educate people,1,19362,88.98%
shops,1,19363,88.98%
nyc dohmh,1,19364,88.98%
vietnam tech companies,1,19365,88.99%
covid 19 work from home,1,19366,88.99%
vietnamese,1,19367,89.00%
work from home,1,19368,89.00%
vietnam companies,1,19369,89.01%
homeassistant components,1,19370,89.01%
homeassistant,1,19371,89.02%
microsoft luis,1,19372,89.02%
microsoft qnamaker,1,19373,89.03%
ibm watson assistant,1,19374,89.03%
google dialogflow,1,19375,89.04%
cluj napoca,1,19376,89.04%
declaratie,1,19377,89.04%
remote access,1,19378,89.05%
pic sure,1,19379,89.05%
i2b2,1,19380,89.06%
rio grande do norte,1,19381,89.06%
health ministry rules,1,19382,89.07%
federal,1,19383,89.07%
navigation,1,19384,89.08%
corona bangladesh,1,19385,89.08%
epidemic outbreaks,1,19386,89.09%
luxembourg,1,19387,89.09%
spqeir model,1,19388,89.10%
rss firehose,1,19389,89.10%
news machine,1,19390,89.10%
news aggregator,1,19391,89.11%
rss generator,1,19392,89.11%
amazon comprehend,1,19393,89.12%
rss feed scraper,1,19394,89.12%
rss aggregator,1,19395,89.13%
pubsub,1,19396,89.13%
rss,1,19397,89.14%
for,1,19398,89.14%
pypi,1,19399,89.15%
espirito santo,1,19400,89.15%
covid 19 simulation,1,19401,89.15%
covid 19 calc,1,19402,89.16%
coding practice,1,19403,89.16%
codechef,1,19404,89.17%
leetcode 30days challenge,1,19405,89.17%
good,1,19406,89.18%
contagi,1,19407,89.18%
positivi,1,19408,89.19%
business support,1,19409,89.19%
social impact,1,19410,89.20%
civictech moldova,1,19411,89.20%
branching process,1,19412,89.21%
probabilistic models,1,19413,89.21%
renewal process,1,19414,89.21%
european countries,1,19415,89.22%
employers,1,19416,89.22%
nativescript apps,1,19417,89.23%
nativescript,1,19418,89.23%
nativescript application,1,19419,89.24%
inkline,1,19420,89.24%
clinical application,1,19421,89.25%
patient level prediction,1,19422,89.25%
localization,1,19423,89.26%
corona virus awareness,1,19424,89.26%
bayesian methods,1,19425,89.27%
r0,1,19426,89.27%
health policy,1,19427,89.27%
effective reproductive number,1,19428,89.28%
neuralnetwork,1,19429,89.28%
opensandiego,1,19430,89.29%
push,1,19431,89.29%
notify,1,19432,89.30%
golang application,1,19433,89.30%
gocui,1,19434,89.31%
cui,1,19435,89.31%
tui,1,19436,89.32%
cleanairzones,1,19437,89.32%
signalr core,1,19438,89.32%
webapi core,1,19439,89.33%
diagram,1,19440,89.33%
resource management,1,19441,89.34%
go mir,1,19442,89.34%
coronavirus graphql,1,19443,89.35%
parcel,1,19444,89.35%
citizens,1,19445,89.36%
model deployment,1,19446,89.36%
livewire,1,19447,89.37%
pagination,1,19448,89.37%
tmx,1,19449,89.38%
taskbar,1,19450,89.38%
deskband,1,19451,89.38%
safety,1,19452,89.39%
location based services,1,19453,89.39%
beego example,1,19454,89.40%
beego,1,19455,89.40%
opms,1,19456,89.41%
kerala covid19,1,19457,89.41%
rick and morty,1,19458,89.42%
applescript,1,19459,89.42%
scpt,1,19460,89.43%
mortality rate,1,19461,89.43%
covid19 usa,1,19462,89.44%
census,1,19463,89.44%
spanish,1,19464,89.44%
espanol,1,19465,89.45%
limma,1,19466,89.45%
differential gene expression,1,19467,89.46%
react motion,1,19468,89.46%
redux form,1,19469,89.47%
health system,1,19470,89.47%
andoird map,1,19471,89.48%
ict4d,1,19472,89.48%
monitoring application,1,19473,89.49%
jwt authentication,1,19474,89.49%
passportjs,1,19475,89.49%
plateforme,1,19476,89.50%
irvine,1,19477,89.50%
orange county,1,19478,89.51%
extracting data,1,19479,89.51%
module,1,19480,89.52%
functions,1,19481,89.52%
vetilator,1,19482,89.53%
wikipedia api,1,19483,89.53%
tweeter,1,19484,89.54%
covid19 sms,1,19485,89.54%
twilio number,1,19486,89.55%
coronavirus sms,1,19487,89.55%
sarsc,1,19488,89.55%
coil kotlin,1,19489,89.56%
mexico datos,1,19490,89.56%
andorid,1,19491,89.57%
wikiproject,1,19492,89.57%
ag grid,1,19493,89.58%
ag grid angular,1,19494,89.58%
apollo server lambda,1,19495,89.59%
typegraphql,1,19496,89.59%
stompwebsocket,1,19497,89.60%
visuali,1,19498,89.60%
lua,1,19499,89.61%
computercraft scripts,1,19500,89.61%
computercraft,1,19501,89.61%
chatterbot corpus,1,19502,89.62%
chatterbot,1,19503,89.62%
video edit sdk,1,19504,89.63%
coronavirus video,1,19505,89.63%
generative design,1,19506,89.64%
video editing,1,19507,89.64%
open api,1,19508,89.65%
city,1,19509,89.65%
estados,1,19510,89.66%
ibm cloud functions,1,19511,89.66%
covid 19 mobile tracker,1,19512,89.66%
covid 19 mobile app,1,19513,89.67%
json files,1,19514,89.67%
mobile web,1,19515,89.68%
traceon,1,19516,89.68%
chatbot line,1,19517,89.69%
lowdb,1,19518,89.69%
restify,1,19519,89.70%
corona bot,1,19520,89.70%
botbuilder,1,19521,89.71%
skypebot,1,19522,89.71%
zingchart,1,19523,89.72%
opencage geocoder,1,19524,89.72%
massachusetts,1,19525,89.72%
github topics,1,19526,89.73%
countries data,1,19527,89.73%
uuid,1,19528,89.74%
tracking infections,1,19529,89.74%
background syncing,1,19530,89.75%
local database,1,19531,89.75%
trackit,1,19532,89.76%
health emergency,1,19533,89.76%
covid 19 africa,1,19534,89.77%
moment js,1,19535,89.77%
coviddata,1,19536,89.78%
tabulator,1,19537,89.78%
covid india api,1,19538,89.78%
covid 19 europe,1,19539,89.79%
covid 19 eu,1,19540,89.79%
map dashboard,1,19541,89.80%
molecular dynamics simulation,1,19542,89.80%
md simulations,1,19543,89.81%
3d prints,1,19544,89.81%
keck medical center,1,19545,89.82%
recharts js,1,19546,89.82%
pucminas,1,19547,89.83%
shiny r,1,19548,89.83%
los angeles,1,19549,89.84%
series evolution,1,19550,89.84%
nema 17,1,19551,89.84%
mechanical,1,19552,89.85%
cucuta,1,19553,89.85%
electronic controlled,1,19554,89.86%
self inflating,1,19555,89.86%
quebec,1,19556,89.87%
timeseries covid 19,1,19557,89.87%
timeseriesclassification,1,19558,89.88%
timeseries clustering,1,19559,89.88%
enrichment analysis,1,19560,89.89%
alteryx,1,19561,89.89%
timeseries database,1,19562,89.89%
timeseries segmentation,1,19563,89.90%
macos menubar,1,19564,89.90%
alexa custom skill,1,19565,89.91%
command line app,1,19566,89.91%
eddystone,1,19567,89.92%
curated lists,1,19568,89.92%
resource list,1,19569,89.93%
dart package,1,19570,89.93%
android sdk,1,19571,89.94%
microsimulation,1,19572,89.94%
web api,1,19573,89.95%
corona japan,1,19574,89.95%
prefectures,1,19575,89.95%
contrail analytics,1,19576,89.96%
contrail,1,19577,89.96%
covid 19 switzerland,1,19578,89.97%
twitter feed,1,19579,89.97%
breast cancer,1,19580,89.98%
chronic kidney disease,1,19581,89.98%
heart disease,1,19582,89.99%
medical diagnostics,1,19583,89.99%
knoxville,1,19584,90.00%
corona state wise,1,19585,90.00%
districts,1,19586,90.01%
covid19 iran,1,19587,90.01%
covid 19 sicilia,1,19588,90.01%
coronastats,1,19589,90.02%
pyqt5 desktop application,1,19590,90.02%
index,1,19591,90.03%
presentation,1,19592,90.03%
slides,1,19593,90.04%
seminar,1,19594,90.04%
ncov19,1,19595,90.05%
corona cli,1,19596,90.05%
cli corona,1,19597,90.06%
cameroon,1,19598,90.06%
csse jhu,1,19599,90.06%
sos,1,19600,90.07%
object oriented programming,1,19601,90.07%
covid tutoring,1,19602,90.08%
evolution,1,19603,90.08%
rescue,1,19604,90.09%
charities,1,19605,90.09%
covid19kerala,1,19606,90.10%
pdftotext,1,19607,90.10%
covid19datakerala,1,19608,90.11%
covid19dataindia,1,19609,90.11%
diy face masks,1,19610,90.12%
covid in minecraft,1,19611,90.12%
minecraft sars cov 2,1,19612,90.12%
coronavirus in minecraft,1,19613,90.13%
minecraft coronavirus,1,19614,90.13%
coronavirus mod,1,19615,90.14%
mairw mod,1,19616,90.14%
nice dick bro,1,19617,90.15%
mairwunnx,1,19618,90.15%
covid 19 mod,1,19619,90.16%
minecraft covid19,1,19620,90.16%
inquirer,1,19621,90.17%
cli tool,1,19622,90.17%
wordcloud,1,19623,90.18%
summarizer,1,19624,90.18%
workingfromhome,1,19625,90.18%
homeworking,1,19626,90.19%
liveblog,1,19627,90.19%
certificates,1,19628,90.20%
immunity,1,19629,90.20%
blockchain technology,1,19630,90.21%
pyqgis,1,19631,90.21%
google charts,1,19632,90.22%
covid 19 greece data,1,19633,90.22%
daily graphs,1,19634,90.23%
scholarly communication,1,19635,90.23%
digital library,1,19636,90.23%
random walk,1,19637,90.24%
lattice,1,19638,90.24%
stochastic models,1,19639,90.25%
miniprogram,1,19640,90.25%
egypt,1,19641,90.26%
products,1,19642,90.26%
discounts,1,19643,90.27%
uncg,1,19644,90.27%
vaccine,1,19645,90.28%
clinical trials,1,19646,90.28%
treatment effects,1,19647,90.29%
analysis framework,1,19648,90.29%
fakenews,1,19649,90.29%
scispacy,1,19650,90.30%
spacy,1,19651,90.30%
ci,1,19652,90.31%
draft,1,19653,90.31%
rfc,1,19654,90.32%
wiki,1,19655,90.32%
particle photon,1,19656,90.33%
battery monitor,1,19657,90.33%
power,1,19658,90.34%
pid control,1,19659,90.34%
pressure sensor,1,19660,90.35%
battery management system,1,19661,90.35%
gsoc 2020,1,19662,90.35%
pygrid,1,19663,90.36%
openmined,1,19664,90.36%
gsoc,1,19665,90.37%
pysyft,1,19666,90.37%
differential privacy,1,19667,90.38%
google summer of code,1,19668,90.38%
gtex,1,19669,90.39%
multiparty computation,1,19670,90.39%
augmentedreality,1,19671,90.40%
hololens2,1,19672,90.40%
mixedreality,1,19673,90.40%
dagger2 android,1,19674,90.41%
made in bangladesh,1,19675,90.41%
rxandroid,1,19676,90.42%
covid world,1,19677,90.42%
coronavirusindia,1,19678,90.43%
questionnaire,1,19679,90.43%
charite,1,19680,90.44%
covapp,1,19681,90.44%
stenciljs,1,19682,90.45%
okhttp headers kotlin,1,19683,90.45%
retrofit2 kotlin,1,19684,90.46%
android covid 19 app,1,19685,90.46%
kotlin retrofit headers,1,19686,90.46%
api headers kotlin,1,19687,90.47%
kotlin retrofit,1,19688,90.47%
cases deaths,1,19689,90.48%
intervention measures,1,19690,90.48%
pasuruan,1,19691,90.49%
pasuruandev,1,19692,90.49%
history tracking,1,19693,90.50%
pytorch implementation,1,19694,90.50%
rmvs,1,19695,90.51%
windows notification,1,19696,90.51%
windows10,1,19697,90.52%
korona,1,19698,90.52%
bag,1,19699,90.52%
xlsx to json,1,19700,90.53%
periodic mass testing,1,19701,90.53%
volunteering doctors,1,19702,90.54%
telemedicine,1,19703,90.54%
fr covid,1,19704,90.55%
country comparison,1,19705,90.55%
app16,1,19706,90.56%
admin panel,1,19707,90.56%
amazon s3,1,19708,90.57%
admin,1,19709,90.57%
dynamodb,1,19710,90.57%
magick,1,19711,90.58%
falcon,1,19712,90.58%
snackbar,1,19713,90.59%
wirbleibenzuhause,1,19714,90.59%
statistical graphics,1,19715,90.60%
shop,1,19716,90.60%
dairy,1,19717,90.61%
vendor relief,1,19718,90.61%
covid 19 preprints,1,19719,90.62%
elife sprint 2020,1,19720,90.62%
dash bootstrap components,1,19721,90.63%
financial crisis,1,19722,90.63%
netlify lambda,1,19723,90.63%
powershell module,1,19724,90.64%
powershell gallery,1,19725,90.64%
powershell core,1,19726,90.65%
netframework,1,19727,90.65%
watson,1,19728,90.66%
hcmus,1,19729,90.66%
updates,1,19730,90.67%
dl,1,19731,90.67%
management,1,19732,90.68%
humanresources,1,19733,90.68%
erp,1,19734,90.69%
onboarding,1,19735,90.69%
disaster assist,1,19736,90.69%
neighbors,1,19737,90.70%
aarch64,1,19738,90.70%
x86 64,1,19739,90.71%
balena,1,19740,90.71%
balenacloud,1,19741,90.72%
rosetta home,1,19742,90.72%
matlab gui,1,19743,90.73%
typeprovider,1,19744,90.73%
fsharp,1,19745,90.74%
puerto rico,1,19746,90.74%
opendata api,1,19747,90.74%
workinprogress,1,19748,90.75%
code4puertorico,1,19749,90.75%
cognos dashboard,1,19750,90.76%
cloud pak for data,1,19751,90.76%
watson studio,1,19752,90.77%
chicago,1,19753,90.77%
lwc,1,19754,90.78%
sfdc,1,19755,90.78%
lightning web components,1,19756,90.79%
salesforce,1,19757,90.79%
impacttech,1,19758,90.80%
maps api,1,19759,90.80%
fasttext embeddings,1,19760,90.80%
nonprofit,1,19761,90.81%
solidworks,1,19762,90.81%
nonprofit organizations,1,19763,90.82%
nonprofits,1,19764,90.82%
covid 19 nigeria api,1,19765,90.83%
bavaria,1,19766,90.83%
covid19 bavaria,1,19767,90.84%
corona discord webhook,1,19768,90.84%
mvp android,1,19769,90.85%
mvp architecture,1,19770,90.85%
clean code,1,19771,90.86%
mvp kotlin,1,19772,90.86%
gd library,1,19773,90.86%
triage,1,19774,90.87%
ssa,1,19775,90.87%
hld,1,19776,90.88%
life tables,1,19777,90.88%
nyc coronavirus maps,1,19778,90.89%
workmanager,1,19779,90.89%
nanopore sequencing,1,19780,90.90%
artic bioinformatics platform,1,19781,90.90%
emergency assistance robot,1,19782,90.91%
chest radiography images,1,19783,90.91%
bioimaging,1,19784,90.91%
cxr images,1,19785,90.92%
vkontakte api,1,19786,90.92%
vkontakte,1,19787,90.93%
nubovik,1,19788,90.93%
early detection,1,19789,90.94%
generative adversarial networks,1,19790,90.94%
birthdays,1,19791,90.95%
azure resource manager,1,19792,90.95%
clustering analysis,1,19793,90.96%
csse data,1,19794,90.96%
godotengine,1,19795,90.97%
godot,1,19796,90.97%
xlsx,1,19797,90.97%
lac innovators coronavirus,1,19798,90.98%
idb lab,1,19799,90.98%
physical,1,19800,90.99%
code for denver,1,19801,90.99%
grouped bar chart,1,19802,91.00%
trump,1,19803,91.00%
donald trump,1,19804,91.01%
new jersey,1,19805,91.01%
workflows,1,19806,91.02%
nunjucks,1,19807,91.02%
casa criativa,1,19808,91.03%
heatmap visualization,1,19809,91.03%
covid19 russia,1,19810,91.03%
covid19russia,1,19811,91.04%
gpu models,1,19812,91.04%
terraform template,1,19813,91.05%
containers,1,19814,91.05%
compute engine,1,19815,91.06%
wtf,1,19816,91.06%
map symptomatic patients,1,19817,91.07%
online conferences,1,19818,91.07%
traefik,1,19819,91.08%
grafana influxdb,1,19820,91.08%
d3plus,1,19821,91.08%
new south wales,1,19822,91.09%
nsw government,1,19823,91.09%
nsw,1,19824,91.10%
pdftools,1,19825,91.10%
pdf scraping,1,19826,91.11%
rvest,1,19827,91.11%
google location history,1,19828,91.12%
react mapbox gl,1,19829,91.12%
react map,1,19830,91.13%
quarantine p,1,19831,91.13%
emr,1,19832,91.14%
jailbreak,1,19833,91.14%
rpa,1,19834,91.14%
omop,1,19835,91.15%
cda parser,1,19836,91.15%
hl7,1,19837,91.16%
czechia,1,19838,91.16%
disaster management,1,19839,91.17%
lauzhackagainstcovid19,1,19840,91.17%
booking system,1,19841,91.18%
jetpack android,1,19842,91.18%
androidx,1,19843,91.19%
javamail,1,19844,91.19%
discord rpc,1,19845,91.20%
jatim,1,19846,91.20%
covid 19 us county,1,19847,91.20%
python requests,1,19848,91.21%
html parser,1,19849,91.21%
versusvirus,1,19850,91.22%
chakraui,1,19851,91.22%
hackaton project,1,19852,91.23%
ctc,1,19853,91.23%
versus virus,1,19854,91.24%
makassar,1,19855,91.24%
sulsel,1,19856,91.25%
graph analysis,1,19857,91.25%
corona xphotoshop,1,19858,91.25%
photoshop graphics,1,19859,91.26%
illustrator scripts,1,19860,91.26%
photoshop script,1,19861,91.27%
screening,1,19862,91.27%
gym,1,19863,91.28%
react native boilerplate,1,19864,91.28%
policies adopted,1,19865,91.29%
optimization,1,19866,91.29%
control,1,19867,91.30%
svgpathtools,1,19868,91.30%
blocker,1,19869,91.31%
chrome extensions,1,19870,91.31%
mobilitydata,1,19871,91.31%
economical effects,1,19872,91.32%
tfidf,1,19873,91.32%
word2vec,1,19874,91.33%
wordembeddings,1,19875,91.33%
codeperfectplus,1,19876,91.34%
codeperfect,1,19877,91.34%
genome browser,1,19878,91.35%
biology,1,19879,91.35%
free to use,1,19880,91.36%
free during work from home,1,19881,91.36%
free during pandemic,1,19882,91.37%
free during covid19,1,19883,91.37%
made in indonesia,1,19884,91.37%
teachers,1,19885,91.38%
crystal lang,1,19886,91.38%
crystal,1,19887,91.39%
wanna,1,19888,91.39%
qa,1,19889,91.40%
bm25,1,19890,91.40%
intelligent networks,1,19891,91.41%
neumorphic,1,19892,91.41%
redux hooks react,1,19893,91.42%
ipfs gateway,1,19894,91.42%
ipfs api,1,19895,91.43%
http api,1,19896,91.43%
healthcare service,1,19897,91.43%
private blockchain,1,19898,91.44%
bigchaindb,1,19899,91.44%
mit hack,1,19900,91.45%
immune testing,1,19901,91.45%
trustless,1,19902,91.46%
ipfs blockchain,1,19903,91.46%
infura,1,19904,91.47%
vscovid19,1,19905,91.47%
vuerouter,1,19906,91.48%
kids,1,19907,91.48%
kidsapp,1,19908,91.48%
hub,1,19909,91.49%
covid resources,1,19910,91.49%
static,1,19911,91.50%
balkans,1,19912,91.50%
iisc,1,19913,91.51%
k means,1,19914,91.51%
codiv19 turkey,1,19915,91.52%
lottie animation,1,19916,91.52%
jetpack navigation,1,19917,91.53%
vaccines,1,19918,91.53%
covid19 cuba,1,19919,91.54%
covid19 egypt,1,19920,91.54%
eudeka,1,19921,91.54%
online webinar,1,19922,91.55%
gits indonesia,1,19923,91.55%
netflix,1,19924,91.56%
least square regression,1,19925,91.56%
afnor,1,19926,91.57%
rabbitmq,1,19927,91.57%
spring amqp,1,19928,91.58%
individual based modelling,1,19929,91.58%
cython,1,19930,91.59%
visors,1,19931,91.59%
donation drop,1,19932,91.60%
sewn ties,1,19933,91.60%
headbands printed,1,19934,91.60%
nih,1,19935,91.61%
headband,1,19936,91.61%
data warehousing,1,19937,91.62%
covid19 turkey,1,19938,91.62%
international,1,19939,91.63%
koronawirus,1,19940,91.63%
zostanwdomu,1,19941,91.64%
saitama,1,19942,91.64%
blood type,1,19943,91.65%
observational study,1,19944,91.65%
netli,1,19945,91.65%
vu,1,19946,91.66%
geoj,1,19947,91.66%
indon,1,19948,91.67%
tulungagung,1,19949,91.67%
sentimental analysis,1,19950,91.68%
profanity,1,19951,91.68%
analytics pipeline,1,19952,91.69%
druid,1,19953,91.69%
avoid,1,19954,91.70%
kbqa,1,19955,91.70%
hooks api,1,19956,91.71%
west java,1,19957,91.71%
pandas library,1,19958,91.71%
population model,1,19959,91.72%
simulate scenarios,1,19960,91.72%
ramprasathselvam,1,19961,91.73%
love,1,19962,91.73%
people,1,19963,91.74%
flex,1,19964,91.74%
commerce,1,19965,91.75%
python telegra,1,19966,91.75%
games,1,19967,91.76%
uber h3,1,19968,91.76%
overpass api,1,19969,91.77%
nominatim,1,19970,91.77%
osm,1,19971,91.77%
vulnerability,1,19972,91.78%
android kotlin,1,19973,91.78%
dom,1,19974,91.79%
css tricks,1,19975,91.79%
coronaviurapiwrapper,1,19976,91.80%
dotnetcovid19infowrapper,1,19977,91.80%
covid 19net,1,19978,91.81%
corona net,1,19979,91.81%
dotnetcovid,1,19980,91.82%
productive,1,19981,91.82%
tech,1,19982,91.82%
designer,1,19983,91.83%
collaborate,1,19984,91.83%
operations,1,19985,91.84%
actions,1,19986,91.84%
pytest,1,19987,91.85%
certificate,1,19988,91.85%
expiry 04 2021,1,19989,91.86%
comprehensive bibliometric database,1,19990,91.86%
provider architecture,1,19991,91.87%
paper list,1,19992,91.87%
trending topics,1,19993,91.88%
conferences,1,19994,91.88%
trending repositories,1,19995,91.88%
uruguay,1,19996,91.89%
spfx pnp,1,19997,91.89%
accordion,1,19998,91.90%
sharepoint framework,1,19999,91.90%
corona db,1,20000,91.91%
educational,1,20001,91.91%
jay,1,20002,91.92%
faunadb,1,20003,91.92%
meme,1,20004,91.93%
useless,1,20005,91.93%
process,1,20006,91.94%
react charts,1,20007,91.94%
android things,1,20008,91.94%
ngapuhi,1,20009,91.95%
tkot online,1,20010,91.95%
tkot,1,20011,91.96%
kiwi,1,20012,91.96%
te kahu o taonui,1,20013,91.97%
maori,1,20014,91.97%
nz,1,20015,91.98%
passport,1,20016,91.98%
bot api,1,20017,91.99%
botline,1,20018,91.99%
bot line,1,20019,91.99%
panama,1,20020,92.00%
location tracker,1,20021,92.00%
normalization,1,20022,92.01%
time series covid19,1,20023,92.01%
time series covid19 mx,1,20024,92.02%
covid 19 report,1,20025,92.02%
user interface,1,20026,92.03%
navigation component,1,20027,92.03%
modular architecture,1,20028,92.04%
microservice,1,20029,92.04%
ccg map,1,20030,92.05%
online assessments,1,20031,92.05%
nhs pathways,1,20032,92.05%
bundle,1,20033,92.06%
hands,1,20034,92.06%
neat csv,1,20035,92.07%
mocha chai,1,20036,92.07%
makefile,1,20037,92.08%
kaggle dataset,1,20038,92.08%
kiel,1,20039,92.09%
ohioh,1,20040,92.09%
tracing applications,1,20041,92.10%
oop,1,20042,92.10%
humanitarian,1,20043,92.11%
mental health,1,20044,92.11%
mhealth,1,20045,92.11%
depression,1,20046,92.12%
ehealth,1,20047,92.12%
anxiety,1,20048,92.13%
infodemic,1,20049,92.13%
check worthyness,1,20050,92.14%
stringency,1,20051,92.14%
blavatnik school,1,20052,92.15%
buildforsdg,1,20053,92.15%
10xgenomics,1,20054,92.16%
scrna seq,1,20055,92.16%
azerbaijan,1,20056,92.16%
language technology,1,20057,92.17%
storypoint,1,20058,92.17%
scrum agile,1,20059,92.18%
scrum,1,20060,92.18%
sockets io,1,20061,92.19%
chatroom,1,20062,92.19%
observablehq,1,20063,92.20%
observable notebook,1,20064,92.20%
dribble,1,20065,92.21%
safe,1,20066,92.21%
stay,1,20067,92.22%
lungs scans,1,20068,92.22%
image classifier,1,20069,92.22%
arduino uno,1,20070,92.23%
signal processing,1,20071,92.23%
food delivery application,1,20072,92.24%
grocery application,1,20073,92.24%
amazon prime,1,20074,92.25%
delivery windows,1,20075,92.25%
spacy nlp,1,20076,92.26%
nlp dependency parsing,1,20077,92.26%
aries vcr,1,20078,92.27%
verifiable organizations network,1,20079,92.27%
von,1,20080,92.28%
essential service registry,1,20081,92.28%
citz,1,20082,92.28%
indy,1,20083,92.29%
essential service,1,20084,92.29%
trust over ip,1,20085,92.30%
telehealth,1,20086,92.30%
econsult website,1,20087,92.31%
econsult,1,20088,92.31%
costco,1,20089,92.32%
wikimedia commons,1,20090,92.32%
inkscape,1,20091,92.33%
cc by 4,1,20092,92.33%
statistics canada,1,20093,92.33%
c14n,1,20094,92.34%
preventive measures,1,20095,92.34%
test centers,1,20096,92.35%
microsoft teams,1,20097,92.35%
pepper qisdk,1,20098,92.36%
pepper coding,1,20099,92.36%
inhibitory drugs,1,20100,92.37%
in vitro screening,1,20101,92.37%
manufacturer database,1,20102,92.38%
iedcr,1,20103,92.38%
ic models,1,20104,92.39%
undetectable infected persons,1,20105,92.39%
superspreader,1,20106,92.39%
herd immunity,1,20107,92.40%
network science,1,20108,92.40%
time dependent sir model,1,20109,92.41%
time dependent,1,20110,92.41%
independent cascade,1,20111,92.42%
asymptomatic infection,1,20112,92.42%
provincias,1,20113,92.43%
opentrons,1,20114,92.43%
rt qpcr,1,20115,92.44%
recommender system,1,20116,92.44%
mlflow,1,20117,92.45%
forecast data,1,20118,92.45%
victory,1,20119,92.45%
textanalytics,1,20120,92.46%
text summarization,1,20121,92.46%
version control,1,20122,92.47%
manufacturing,1,20123,92.47%
ventilator designs,1,20124,92.48%
pcb design,1,20125,92.48%
frontend app,1,20126,92.49%
npm module,1,20127,92.49%
css animations,1,20128,92.50%
microservices architecture,1,20129,92.50%
kubernetes pods,1,20130,92.50%
d wave systems,1,20131,92.51%
d wave leap,1,20132,92.51%
quantum artificial intelligence,1,20133,92.52%
quantum,1,20134,92.52%
quantum processing,1,20135,92.53%
weather app,1,20136,92.53%
job portal,1,20137,92.54%
oculus rift,1,20138,92.54%
medical support system,1,20139,92.55%
status live,1,20140,92.55%
http,1,20141,92.56%
piechart,1,20142,92.56%
asynctask,1,20143,92.56%
json serialization,1,20144,92.57%
research data management,1,20145,92.57%
graph database,1,20146,92.58%
graph based learning,1,20147,92.58%
text representation,1,20148,92.59%
co authorship,1,20149,92.59%
link prediction,1,20150,92.60%
tools,1,20151,92.60%
game engine,1,20152,92.61%
developer tools,1,20153,92.61%
camera,1,20154,92.62%
deface,1,20155,92.62%
plugins,1,20156,92.62%
wp,1,20157,92.63%
detekt,1,20158,92.63%
single source of truth,1,20159,92.64%
offline first,1,20160,92.64%
arrow,1,20161,92.65%
rspec capybara,1,20162,92.65%
checkout,1,20163,92.66%
d3 js,1,20164,92.66%
apollo graphql,1,20165,92.67%
older adults,1,20166,92.67%
temperature,1,20167,92.67%
mass transit systems,1,20168,92.68%
population density,1,20169,92.68%
humidity,1,20170,92.69%
incidence,1,20171,92.69%
spatio temporal analysis,1,20172,92.70%
pretrained models,1,20173,92.70%
bert model,1,20174,92.71%
maryland,1,20175,92.71%
webscraping search,1,20176,92.72%
ansa,1,20177,92.72%
anvil,1,20178,92.73%
sharing,1,20179,92.73%
pickup,1,20180,92.73%
bar race,1,20181,92.74%
nbdev,1,20182,92.74%
phoenix framework,1,20183,92.75%
iso5356 1,1,20184,92.75%
pneumatic,1,20185,92.76%
iso5356,1,20186,92.76%
injection molding,1,20187,92.77%
breathing,1,20188,92.77%
staying busy,1,20189,92.78%
web scrapper,1,20190,92.78%
python 3 6,1,20191,92.79%
papercss,1,20192,92.79%
bigbasket alert,1,20193,92.79%
docker application,1,20194,92.80%
automated browser tool,1,20195,92.80%
notebook jupyter,1,20196,92.81%
django app,1,20197,92.81%
objective c,1,20198,92.82%
altbeacon,1,20199,92.82%
socket,1,20200,92.83%
counter,1,20201,92.83%
utility counter,1,20202,92.84%
elixir phoenix,1,20203,92.84%
cdc covid vew,1,20204,92.84%
voila,1,20205,92.85%
decentralized identifiers,1,20206,92.85%
javafx 14,1,20207,92.86%
javafx application,1,20208,92.86%
rosetta at home,1,20209,92.87%
python time series,1,20210,92.87%
nyc visualization,1,20211,92.88%
basemap,1,20212,92.88%
python analysis,1,20213,92.89%
python covid,1,20214,92.89%
asda,1,20215,92.90%
primenow,1,20216,92.90%
delivery window,1,20217,92.90%
groceries online,1,20218,92.91%
networks biology,1,20219,92.91%
loads covid,1,20220,92.92%
azure cognitive services,1,20221,92.92%
news headlines,1,20222,92.93%
community engagment,1,20223,92.93%
attestation,1,20224,92.94%
generateur,1,20225,92.94%
kde desktop,1,20226,92.95%
python package,1,20227,92.95%
sardegna,1,20228,92.96%
json covid,1,20229,92.96%
coronavirus sardegna,1,20230,92.96%
smtp mail,1,20231,92.97%
zoom,1,20232,92.97%
lda,1,20233,92.98%
ble native,1,20234,92.98%
ble scanning,1,20235,92.99%
apicalls,1,20236,92.99%
logistics,1,20237,93.00%
superset,1,20238,93.00%
differential evolution,1,20239,93.01%
armchair,1,20240,93.01%
1d cnn,1,20241,93.02%
brnn,1,20242,93.02%
hybrid model,1,20243,93.02%
cnn for time series,1,20244,93.03%
event extraction,1,20245,93.03%
biomedical,1,20246,93.04%
multitask learning,1,20247,93.04%
tracing apps,1,20248,93.05%
xarray,1,20249,93.05%
mexico maps,1,20250,93.06%
corpus data,1,20251,93.06%
corpus,1,20252,93.07%
corpus linguistics,1,20253,93.07%
spanish language,1,20254,93.07%
pagespeed,1,20255,93.08%
web performance,1,20256,93.08%
bahasa indonesia,1,20257,93.09%
behavior,1,20258,93.09%
node module,1,20259,93.10%
hacking,1,20260,93.10%
covid 19 whatsapp bot,1,20261,93.11%
training nlu,1,20262,93.11%
webchat,1,20263,93.12%
nlu,1,20264,93.12%
manage,1,20265,93.13%
response management,1,20266,93.13%
glob,1,20267,93.13%
matplotlib python,1,20268,93.14%
kernel,1,20269,93.14%
tsql,1,20270,93.15%
xampp,1,20271,93.15%
phpmyadmin,1,20272,93.16%
cs ibbul,1,20273,93.16%
ibbul,1,20274,93.17%
jackd,1,20275,93.17%
covidantena,1,20276,93.18%
antennacovid,1,20277,93.18%
useeffect,1,20278,93.19%
usestate,1,20279,93.19%
alignments,1,20280,93.19%
bed files,1,20281,93.20%
covid bioinformatics,1,20282,93.20%
analyze coronavirus sequences,1,20283,93.21%
hmms,1,20284,93.21%
tabletop,1,20285,93.22%
stock data,1,20286,93.22%
economic indicators,1,20287,93.23%
correlation,1,20288,93.23%
spreadsheet,1,20289,93.24%
social distance score,1,20290,93.24%
mapbox geocoding,1,20291,93.24%
cron jobs,1,20292,93.25%
geojson data,1,20293,93.25%
cronjob scheduler,1,20294,93.26%
ceara,1,20295,93.26%
highmaps,1,20296,93.27%
disease prevention,1,20297,93.27%
labtest,1,20298,93.28%
digital wallet,1,20299,93.28%
ssi,1,20300,93.29%
digital identity,1,20301,93.29%
card game,1,20302,93.30%
peru datos,1,20303,93.30%
peru dataset,1,20304,93.30%
peru data,1,20305,93.31%
latinamerica,1,20306,93.31%
vulnerable,1,20307,93.32%
delivery service,1,20308,93.32%
automate,1,20309,93.33%
opportunities,1,20310,93.33%
notifies,1,20311,93.34%
highschool students,1,20312,93.34%
food,1,20313,93.35%
informatics,1,20314,93.35%
pomdp,1,20315,93.36%
datafile,1,20316,93.36%
women in tech,1,20317,93.36%
libgdx,1,20318,93.37%
classification model,1,20319,93.37%
abc,1,20320,93.38%
qrcode,1,20321,93.38%
akka,1,20322,93.39%
transport,1,20323,93.39%
tracing,1,20324,93.40%
contact,1,20325,93.40%
maker community,1,20326,93.41%
symfony application,1,20327,93.41%
codperfectplus,1,20328,93.41%
sarscov2,1,20329,93.42%
greek,1,20330,93.42%
covid extension,1,20331,93.43%
philadelphia,1,20332,93.43%
webgl globe,1,20333,93.44%
google experiment,1,20334,93.44%
coronavirus support,1,20335,93.45%
community hub,1,20336,93.45%
gunicorn,1,20337,93.46%
twilio voice,1,20338,93.46%
coronavirus community response,1,20339,93.47%
covid 19 new zealand,1,20340,93.47%
unsupervised learning,1,20341,93.47%
xai,1,20342,93.48%
lung sound,1,20343,93.48%
heart sound,1,20344,93.49%
heart,1,20345,93.49%
digital stethoscope,1,20346,93.50%
lung sound classification,1,20347,93.50%
sd card,1,20348,93.51%
stethoscope,1,20349,93.51%
devfolio,1,20350,93.52%
hackon,1,20351,93.52%
hiring,1,20352,93.53%
h2o,1,20353,93.53%
como consortium,1,20354,93.53%
neumorphic ui,1,20355,93.54%
javascrtip,1,20356,93.54%
restful,1,20357,93.55%
respirator ppe,1,20358,93.55%
stl files,1,20359,93.56%
respiration,1,20360,93.56%
stl models,1,20361,93.57%
google mobility data,1,20362,93.57%
nicaragua,1,20363,93.58%
dev,1,20364,93.58%
twiliohackathon,1,20365,93.58%
computational epidemiology,1,20366,93.59%
tracking api,1,20367,93.59%
webdriver,1,20368,93.60%
protein sequence analysis,1,20369,93.60%
demogorgon,1,20370,93.61%
protein sequence,1,20371,93.61%
protein,1,20372,93.62%
cord,1,20373,93.62%
retrieval,1,20374,93.63%
evaluation,1,20375,93.63%
diary,1,20376,93.64%
pokemon yellow,1,20377,93.64%
version jaune,1,20378,93.64%
pokemon jaune,1,20379,93.65%
pokemon,1,20380,93.65%
pokemon github,1,20381,93.66%
github pokemon,1,20382,93.66%
knowledge discovery,1,20383,93.67%
sick,1,20384,93.67%
down,1,20385,93.68%
anonymously,1,20386,93.68%
ill,1,20387,93.69%
fall,1,20388,93.69%
contract,1,20389,93.70%
taken,1,20390,93.70%
sicken,1,20391,93.70%
diseased,1,20392,93.71%
reispar,1,20393,93.71%
reispartechnologies,1,20394,93.72%
reisparanalyticsacademy,1,20395,93.72%
covid19visualisation,1,20396,93.73%
coronavirusvisualisation,1,20397,93.73%
apicovid19,1,20398,93.74%
spred prediction,1,20399,93.74%
neareast neighbour,1,20400,93.75%
coronavoucher,1,20401,93.75%
auxilio emergencial,1,20402,93.75%
status coronavoucher,1,20403,93.76%
machine vision,1,20404,93.76%
hugo,1,20405,93.77%
reverse engineering,1,20406,93.77%
simula,1,20407,93.78%
webdeveloper,1,20408,93.78%
sublime text,1,20409,93.79%
covid 19website,1,20410,93.79%
jharkhandcovid,1,20411,93.80%
coronajharkhand,1,20412,93.80%
pepp pt,1,20413,93.81%
google dataflow,1,20414,93.81%
apache beam,1,20415,93.81%
biograkn,1,20416,93.82%
covid russia,1,20417,93.82%
dhaka,1,20418,93.83%
coronavirus bangladesh,1,20419,93.83%
desafio,1,20420,93.84%
flexbox,1,20421,93.84%
hiring coders,1,20422,93.85%
geoda,1,20423,93.85%
deepbrainchain,1,20424,93.86%
skytells,1,20425,93.86%
deepbrain,1,20426,93.87%
xchart,1,20427,93.87%
swing gui,1,20428,93.87%
guest house,1,20429,93.88%
co living,1,20430,93.88%
swift learning,1,20431,93.89%
kitchen counter,1,20432,93.89%
realtime counter,1,20433,93.90%
new,1,20434,93.90%
canvasjs charts,1,20435,93.91%
covid19tamilnadu,1,20436,93.91%
diagnostic tests,1,20437,93.92%
infectious,1,20438,93.92%
sms notifications,1,20439,93.92%
android api example,1,20440,93.93%
picasso api,1,20441,93.93%
picasso recyclerview,1,20442,93.94%
picasso library,1,20443,93.94%
keras deep learning,1,20444,93.95%
keras classification models,1,20445,93.95%
laboratorios,1,20446,93.96%
busca,1,20447,93.96%
startup weekend,1,20448,93.97%
chartsjs,1,20449,93.97%
searching algorithms,1,20450,93.98%
non profit,1,20451,93.98%
in progress,1,20452,93.98%
student projects,1,20453,93.99%
student project,1,20454,93.99%
armenia,1,20455,94.00%
audio processing,1,20456,94.00%
knn algorithm,1,20457,94.01%
knn classifier,1,20458,94.01%
knn python,1,20459,94.02%
librosa,1,20460,94.02%
macroeconomics,1,20461,94.03%
covid 19 json api,1,20462,94.03%
covid 19 json data,1,20463,94.04%
covid 19 pgsql data,1,20464,94.04%
covid 19 mysql data,1,20465,94.04%
corona mysql data,1,20466,94.05%
corona json data,1,20467,94.05%
the covid 19 colombia project,1,20468,94.06%
colombiadev,1,20469,94.06%
covid data project,1,20470,94.07%
gocorona,1,20471,94.07%
sird model,1,20472,94.08%
uncertainty,1,20473,94.08%
xamaringoodlookingui,1,20474,94.09%
xamarin android,1,20475,94.09%
xaml,1,20476,94.09%
xamarin ios,1,20477,94.10%
databricks,1,20478,94.10%
s3,1,20479,94.11%
boto3,1,20480,94.11%
saudiarabia,1,20481,94.12%
covid19 ksa,1,20482,94.12%
bayesian inference,1,20483,94.13%
track trace,1,20484,94.13%
marketplace,1,20485,94.14%
replication,1,20486,94.14%
brasil covid,1,20487,94.15%
azure maps,1,20488,94.15%
emergency management,1,20489,94.15%
zindi,1,20490,94.16%
csha,1,20491,94.16%
standard,1,20492,94.17%
twc,1,20493,94.17%
plc,1,20494,94.18%
medical application,1,20495,94.18%
api fetcher,1,20496,94.19%
tracker api,1,20497,94.19%
magento2,1,20498,94.20%
geonames,1,20499,94.20%
hotlines,1,20500,94.21%
geocode,1,20501,94.21%
covid 19 india status,1,20502,94.21%
health tracker,1,20503,94.22%
mask detection system,1,20504,94.22%
bing search,1,20505,94.23%
ssd mobilenet,1,20506,94.23%
opencovidtrace android,1,20507,94.24%
lineupjs,1,20508,94.24%
lineup,1,20509,94.25%
jupyter lab,1,20510,94.25%
face detection using opencv,1,20511,94.26%
harr cascade,1,20512,94.26%
android design,1,20513,94.26%
uikit,1,20514,94.27%
androidui,1,20515,94.27%
tensorflow tutorials,1,20516,94.28%
makers,1,20517,94.28%
makerspace,1,20518,94.29%
open source community,1,20519,94.29%
open source product design,1,20520,94.30%
digital fabrication,1,20521,94.30%
qrcode generator,1,20522,94.31%
code for dayton,1,20523,94.31%
phylogenomics,1,20524,94.32%
united arab emirates,1,20525,94.32%
uae,1,20526,94.32%
tester,1,20527,94.33%
ios ibeacon,1,20528,94.33%
azure cosmos,1,20529,94.34%
azure devops,1,20530,94.34%
visual studio,1,20531,94.35%
client xamarin,1,20532,94.35%
tidyverse,1,20533,94.36%
flexdash,1,20534,94.36%
cases breakdown,1,20535,94.37%
coronavirus npm,1,20536,94.37%
coronavirus nodejs,1,20537,94.38%
xcode,1,20538,94.38%
openmaps,1,20539,94.38%
video chat,1,20540,94.39%
disability,1,20541,94.39%
substack,1,20542,94.40%
deepnote,1,20543,94.40%
roamresearch,1,20544,94.41%
redmart,1,20545,94.41%
circuit breaker,1,20546,94.42%
lazada,1,20547,94.42%
platform,1,20548,94.43%
covid 19 dashboard,1,20549,94.43%
splashscreen,1,20550,94.43%
ui5 tooling,1,20551,94.44%
openui5,1,20552,94.44%
sap cloud platform,1,20553,94.45%
sap fiori,1,20554,94.45%
sap cap,1,20555,94.46%
sapui5,1,20556,94.46%
sample code,1,20557,94.47%
cds,1,20558,94.47%
webapi,1,20559,94.48%
nunit,1,20560,94.48%
restsharp,1,20561,94.49%
asp net,1,20562,94.49%
ntier architecture,1,20563,94.49%
graphql yoga,1,20564,94.50%
university project,1,20565,94.50%
fasta,1,20566,94.51%
students project,1,20567,94.51%
iiitdwd,1,20568,94.52%
macroeconomic,1,20569,94.52%
monetary policy,1,20570,94.53%
statewise cases,1,20571,94.53%
refreshes,1,20572,94.54%
google chart api,1,20573,94.54%
v calendar,1,20574,94.55%
geovisualization,1,20575,94.55%
malaga,1,20576,94.55%
reheboam,1,20577,94.56%
critical,1,20578,94.56%
westworld,1,20579,94.57%
divergence,1,20580,94.57%
events,1,20581,94.58%
interface,1,20582,94.58%
tacna,1,20583,94.59%
highresolution,1,20584,94.59%
flocking,1,20585,94.60%
flocking algorithm,1,20586,94.60%
artificial life,1,20587,94.61%
boids simulation,1,20588,94.61%
boids,1,20589,94.61%
flocking simulation,1,20590,94.62%
boids algorithm,1,20591,94.62%
covid19 chatbot,1,20592,94.63%
luis,1,20593,94.63%
luis ai,1,20594,94.64%
covid19 bot,1,20595,94.64%
azurebotservice,1,20596,94.65%
qnamaker,1,20597,94.65%
botframework,1,20598,94.66%
firefox script,1,20599,94.66%
government data,1,20600,94.66%
netifly,1,20601,94.67%
disease symptom,1,20602,94.67%
information theory,1,20603,94.68%
false positive,1,20604,94.68%
bayes theorem,1,20605,94.69%
virus testing,1,20606,94.69%
geodata,1,20607,94.70%
fcn,1,20608,94.70%
focalloss,1,20609,94.71%
viewpager2,1,20610,94.71%
livedata viewmodel,1,20611,94.72%
spinkit,1,20612,94.72%
fusedlocationprovider,1,20613,94.72%
azure machine learning,1,20614,94.73%
covid19 georgia,1,20615,94.73%
static website,1,20616,94.74%
coronovirusworld,1,20617,94.74%
pythonscraping,1,20618,94.75%
analyzes,1,20619,94.75%
coronovirus greece,1,20620,94.76%
corona parser,1,20621,94.76%
worldometer scraping,1,20622,94.77%
focal loss,1,20623,94.77%
accuracy curves,1,20624,94.78%
fine tuning,1,20625,94.78%
gbm,1,20626,94.78%
lag features,1,20627,94.79%
emergency contacts,1,20628,94.79%
patient info,1,20629,94.80%
emotion,1,20630,94.80%
affect,1,20631,94.81%
rona,1,20632,94.81%
atlanta,1,20633,94.82%
nearby,1,20634,94.82%
health status,1,20635,94.83%
react tooltip,1,20636,94.83%
netlogo,1,20637,94.83%
gui,1,20638,94.84%
corona xray,1,20639,94.84%
free download,1,20640,94.85%
springer,1,20641,94.85%
ebook,1,20642,94.86%
lestweforget,1,20643,94.86%
okhttp3,1,20644,94.87%
gson converter,1,20645,94.87%
diagnostics,1,20646,94.88%
ai platform,1,20647,94.88%
configuration management,1,20648,94.89%
covid19 feedback,1,20649,94.89%
chef cookbook,1,20650,94.89%
chef,1,20651,94.90%
load balancer,1,20652,94.90%
crypto,1,20653,94.91%
covd 19,1,20654,94.91%
scraping python,1,20655,94.92%
facebook bot,1,20656,94.92%
messenger chatbot,1,20657,94.93%
facebook messenger bot,1,20658,94.93%
scraping bot,1,20659,94.94%
pomper,1,20660,94.94%
argon,1,20661,94.95%
react corona,1,20662,94.95%
gio,1,20663,94.95%
3d earth,1,20664,94.96%
cloudant,1,20665,94.96%
flask web,1,20666,94.97%
ibm bluemix,1,20667,94.97%
bay area,1,20668,94.98%
http proxy,1,20669,94.98%
websocket proxy,1,20670,94.99%
tornado framework,1,20671,94.99%
facility,1,20672,95.00%
workforce,1,20673,95.00%
health staff,1,20674,95.00%
workers,1,20675,95.01%
bqplot,1,20676,95.01%
idyll,1,20677,95.02%
androidautomotive,1,20678,95.02%
eventbus,1,20679,95.03%
android architecture,1,20680,95.03%
can,1,20681,95.04%
androidauto,1,20682,95.04%
aosp android,1,20683,95.05%
rss feed,1,20684,95.05%
rmd,1,20685,95.06%
annotation tool,1,20686,95.06%
dcom,1,20687,95.06%
data labeling,1,20688,95.07%
node express,1,20689,95.07%
chatbot application,1,20690,95.08%
tables,1,20691,95.08%
database management,1,20692,95.09%
eclipse,1,20693,95.09%
jsp,1,20694,95.10%
data transfer,1,20695,95.10%
dbms,1,20696,95.11%
driver manager,1,20697,95.11%
ios demo,1,20698,95.12%
xcode11,1,20699,95.12%
flutter widget,1,20700,95.12%
app ,1,20701,95.13%
open source project,1,20702,95.13%
open source android apps,1,20703,95.14%
sqlserver,1,20704,95.14%
rshinyapp,1,20705,95.15%
covid19 xray,1,20706,95.15%
deploying machine learning,1,20707,95.16%
amazon web services,1,20708,95.16%
deploying keras tensorflow models,1,20709,95.17%
antd,1,20710,95.17%
donnees,1,20711,95.17%
indian cases,1,20712,95.18%
indian governments,1,20713,95.18%
data gathering,1,20714,95.19%
universidade,1,20715,95.19%
chapeco,1,20716,95.20%
uffs,1,20717,95.20%
push notifications,1,20718,95.21%
duplication times,1,20719,95.21%
regression poisson,1,20720,95.22%
glm,1,20721,95.22%
healthcare imaging,1,20722,95.23%
u net,1,20723,95.23%
3d unet,1,20724,95.23%
vapor swift,1,20725,95.24%
vapor 4,1,20726,95.24%
vapor,1,20727,95.25%
newtons method,1,20728,95.25%
non linear optimization,1,20729,95.26%
cssegis,1,20730,95.26%
jaime,1,20731,95.27%
jaimebs,1,20732,95.27%
mean,1,20733,95.28%
data representation,1,20734,95.28%
html table sort,1,20735,95.29%
html table,1,20736,95.29%
line charts,1,20737,95.29%
dom manipulation,1,20738,95.30%
springer book,1,20739,95.30%
freebooks,1,20740,95.31%
angularjs material,1,20741,95.31%
angularjs,1,20742,95.32%
es6 javascript,1,20743,95.32%
dicoding academy,1,20744,95.33%
dicodingsubmission,1,20745,95.33%
chinese traditional,1,20746,95.34%
taiwancdc,1,20747,95.34%
regular expressions,1,20748,95.34%
chinese,1,20749,95.35%
digitalocean community tools,1,20750,95.35%
hub for good,1,20751,95.36%
rpy2,1,20752,95.36%
fbprophet,1,20753,95.37%
vaccination,1,20754,95.37%
google play,1,20755,95.38%
laboratory,1,20756,95.38%
laboratory data,1,20757,95.39%
react native maps,1,20758,95.39%
native base,1,20759,95.40%
react native navigation,1,20760,95.40%
react query,1,20761,95.40%
pythonapi,1,20762,95.41%
e pds,1,20763,95.41%
jhonh,1,20764,95.42%
slidy,1,20765,95.42%
dio,1,20766,95.43%
mockito,1,20767,95.43%
learn to code,1,20768,95.44%
graphics programming,1,20769,95.44%
genuine,1,20770,95.45%
verified,1,20771,95.45%
extensive,1,20772,95.46%
profile readme,1,20773,95.46%
gobierno digital,1,20774,95.46%
worship,1,20775,95.47%
church,1,20776,95.47%
planner,1,20777,95.48%
covidnet peru,1,20778,95.48%
social innovation,1,20779,95.49%
open governance,1,20780,95.49%
citizen science,1,20781,95.50%
seroprevalence,1,20782,95.50%
leetcode solutions,1,20783,95.51%
may leetcoding challenge,1,20784,95.51%
leetcoding,1,20785,95.51%
coding challenge,1,20786,95.52%
leetcode cpp,1,20787,95.52%
quarantine bot,1,20788,95.53%
cat photos,1,20789,95.53%
inspirational quotes,1,20790,95.54%
react graph,1,20791,95.54%
axios rest,1,20792,95.55%
parsify,1,20793,95.55%
parsify plugin,1,20794,95.56%
variable,1,20795,95.56%
attendance,1,20796,95.57%
pandemic analysis,1,20797,95.57%
covid live dashboard,1,20798,95.57%
reproducible science,1,20799,95.58%
remote sensing,1,20800,95.58%
nighttime radiance,1,20801,95.59%
district,1,20802,95.59%
flutterwebview,1,20803,95.60%
tracker app,1,20804,95.60%
states,1,20805,95.61%
flutterandroid,1,20806,95.61%
serbia,1,20807,95.62%
belgrade,1,20808,95.62%
solucoes,1,20809,95.63%
hackathon unb fga 2020,1,20810,95.63%
unb,1,20811,95.63%
django framework,1,20812,95.64%
after effects,1,20813,95.64%
animation project,1,20814,95.65%
2d animation,1,20815,95.65%
covid19 angola,1,20816,95.66%
formato dados,1,20817,95.66%
covid 19 angola,1,20818,95.67%
ventilation,1,20819,95.67%
toronto,1,20820,95.68%
android app development,1,20821,95.68%
belarus,1,20822,95.68%
rest a,1,20823,95.69%
flutter rest api,1,20824,95.69%
distance measure,1,20825,95.70%
virtual queue,1,20826,95.70%
queueing,1,20827,95.71%
deep neural network,1,20828,95.71%
potential patients,1,20829,95.72%
bayesian neural network,1,20830,95.72%
biobert,1,20831,95.73%
koin android,1,20832,95.73%
wacth,1,20833,95.74%
greenfoot,1,20834,95.74%
espana,1,20835,95.74%
estado de alarma,1,20836,95.75%
desescalada,1,20837,95.75%
codes,1,20838,95.76%
cccsl,1,20839,95.76%
npi,1,20840,95.77%
data curation,1,20841,95.77%
somali,1,20842,95.78%
somaliland,1,20843,95.78%
rds,1,20844,95.79%
rich data services,1,20845,95.79%
metadata technology north america,1,20846,95.80%
mtna,1,20847,95.80%
permissions,1,20848,95.80%
covid19 death rate,1,20849,95.81%
pytorch lstm,1,20850,95.81%
booking,1,20851,95.82%
vfs,1,20852,95.82%
pandas dataframes,1,20853,95.83%
toiletpaper calculator,1,20854,95.83%
graficos,1,20855,95.84%
audio signals,1,20856,95.84%
filter banks,1,20857,95.85%
cough detection,1,20858,95.85%
audio files,1,20859,95.85%
sampling frequency,1,20860,95.86%
bionlp,1,20861,95.86%
htmlparser,1,20862,95.87%
prototyping,1,20863,95.87%
classes,1,20864,95.88%
javascript basics,1,20865,95.88%
3dslicer,1,20866,95.89%
support vector machines,1,20867,95.89%
support vector regression,1,20868,95.90%
us data,1,20869,95.90%
anonymity,1,20870,95.91%
pandemic witness,1,20871,95.91%
data protocol,1,20872,95.91%
webrtc,1,20873,95.92%
transfer protocol,1,20874,95.92%
anonymity protocol,1,20875,95.93%
privacy by design,1,20876,95.93%
hotspots,1,20877,95.94%
hotspot map,1,20878,95.94%
unet segmentation,1,20879,95.95%
edit distance,1,20880,95.95%
wwdc scholarship submissions,1,20881,95.96%
ambu resuscitations bags,1,20882,95.96%
household,1,20883,95.97%
vacuum,1,20884,95.97%
valve,1,20885,95.97%
smallbusiness,1,20886,95.98%
demand planning,1,20887,95.98%
healthtech,1,20888,95.99%
ministry of health,1,20889,95.99%
chartist,1,20890,96.00%
bower,1,20891,96.00%
sparkjava,1,20892,96.01%
social safety net,1,20893,96.01%
micropython,1,20894,96.02%
maixpy,1,20895,96.02%
onenet,1,20896,96.02%
uiflow,1,20897,96.03%
m5stack,1,20898,96.03%
backend api,1,20899,96.04%
english tweets,1,20900,96.04%
bertweet,1,20901,96.05%
irony detection,1,20902,96.05%
bertweet covid19,1,20903,96.06%
fairseq,1,20904,96.06%
language model,1,20905,96.07%
part of speech tagging,1,20906,96.07%
ner,1,20907,96.08%
named entity recognition,1,20908,96.08%
nodemon,1,20909,96.08%
nvm,1,20910,96.09%
telegraf,1,20911,96.09%
token system,1,20912,96.10%
nodejs server api,1,20913,96.10%
grocery shops,1,20914,96.11%
hybrid apps,1,20915,96.11%
stochastic differential equations,1,20916,96.12%
codeforiraq,1,20917,96.12%
social distancing features,1,20918,96.13%
hadoop flume hive,1,20919,96.13%
hadoop,1,20920,96.14%
flume,1,20921,96.14%
epcs,1,20922,96.14%
covid 19 india district wise,1,20923,96.15%
database management system,1,20924,96.15%
covid 19 india state wise,1,20925,96.16%
popularity,1,20926,96.16%
wait times,1,20927,96.17%
covid19 tanzania,1,20928,96.17%
covid19 tz,1,20929,96.18%
medical mask,1,20930,96.18%
person counting,1,20931,96.19%
marqeta,1,20932,96.19%
marqeta hackathon,1,20933,96.20%
fintech,1,20934,96.20%
1st place,1,20935,96.20%
expense tracker,1,20936,96.21%
marqeta python sdk,1,20937,96.21%
pytorch lightning,1,20938,96.22%
mtcnn,1,20939,96.22%
escola,1,20940,96.23%
bonja,1,20941,96.23%
terceirao,1,20942,96.24%
uniformebonja,1,20943,96.24%
uniforme,1,20944,96.25%
emotion detection,1,20945,96.25%
covid19 saskatchewan,1,20946,96.25%
relu,1,20947,96.26%
sigmoid,1,20948,96.26%
latest statistics,1,20949,96.27%
webscrapping,1,20950,96.27%
cronjob,1,20951,96.28%
zambia,1,20952,96.28%
emergency assistance,1,20953,96.29%
ui components,1,20954,96.29%
bensalcie,1,20955,96.30%
google cloud,1,20956,96.30%
emotion annotations files,1,20957,96.31%
tweets collected,1,20958,96.31%
cordova,1,20959,96.31%
apache kafka,1,20960,96.32%
live tweets,1,20961,96.32%
zookeeper,1,20962,96.33%
spark streaming,1,20963,96.33%
kafka topic,1,20964,96.34%
trump tweets,1,20965,96.34%
kafka producer consumer,1,20966,96.35%
catalonia,1,20967,96.35%
textclassification,1,20968,96.36%
tweet,1,20969,96.36%
cohack,1,20970,96.37%
fly2,1,20971,96.37%
bioinformatics pipeline,1,20972,96.37%
bioinformatics scripts,1,20973,96.38%
covid19 nigeria,1,20974,96.38%
voice assistant,1,20975,96.39%
addin,1,20976,96.39%
visual basic,1,20977,96.40%
rasa core,1,20978,96.40%
hire,1,20979,96.41%
stateless components,1,20980,96.41%
pyautogui,1,20981,96.42%
edgedriver,1,20982,96.42%
development kit,1,20983,96.42%
website scraper,1,20984,96.43%
udacity data science nanodegree,1,20985,96.43%
kedro,1,20986,96.44%
pipelines,1,20987,96.44%
contentful,1,20988,96.45%
auto regressive model,1,20989,96.45%
deep learning algorithms,1,20990,96.46%
multi step ahead forecasting,1,20991,96.46%
arima model,1,20992,96.47%
moving average,1,20993,96.47%
covid19 estimator,1,20994,96.48%
covid case estimator,1,20995,96.48%
covid19 predictor,1,20996,96.48%
pystan,1,20997,96.49%
santa cruz county,1,20998,96.49%
public health microbiology,1,20999,96.50%
bettertouchtool,1,21000,96.50%
scrna seq data,1,21001,96.51%
immune repertoire data,1,21002,96.51%
computational immunology,1,21003,96.52%
t cell,1,21004,96.52%
immunoinformatics,1,21005,96.53%
single cell data,1,21006,96.53%
airr analysis,1,21007,96.54%
rep seq,1,21008,96.54%
indonesia covid,1,21009,96.54%
inacovid,1,21010,96.55%
bnpb,1,21011,96.55%
tweet classification,1,21012,96.56%
thai nlp,1,21013,96.56%
design patterns,1,21014,96.57%
interview preparation,1,21015,96.57%
sorting algorithms,1,21016,96.58%
bored,1,21017,96.58%
lung xray,1,21018,96.59%
graph algorithms,1,21019,96.59%
bayesian networks,1,21020,96.59%
structure learning,1,21021,96.60%
causality analysis,1,21022,96.60%
social media mining,1,21023,96.61%
social media analysis,1,21024,96.61%
health informatics,1,21025,96.62%
covid 19 misinformation,1,21026,96.62%
mit datathon,1,21027,96.63%
mit covid 19 challenge,1,21028,96.63%
covid help,1,21029,96.64%
augmented images,1,21030,96.64%
data augmentation,1,21031,96.65%
time series prediction,1,21032,96.65%
stacked lstm,1,21033,96.65%
solved,1,21034,96.66%
flight data,1,21035,96.66%
lstm sentiment analysis,1,21036,96.67%
sentiment analysis dataset,1,21037,96.67%
sentiment analysis application,1,21038,96.68%
necsi,1,21039,96.68%
datavisualisation website,1,21040,96.69%
responsive web design,1,21041,96.69%
materialdesigninxaml,1,21042,96.70%
wpf,1,21043,96.70%
svm,1,21044,96.71%
questions,1,21045,96.71%
sentence classification,1,21046,96.71%
svm model,1,21047,96.72%
triplet loss,1,21048,96.72%
dynamic programming,1,21049,96.73%
burrows wheeler transform,1,21050,96.73%
suffix array,1,21051,96.74%
code for africa,1,21052,96.74%
graph visualization,1,21053,96.75%
covid 19 south africa,1,21054,96.75%
vuetify2,1,21055,96.76%
vuex3,1,21056,96.76%
ecs6,1,21057,96.76%
torchvision,1,21058,96.77%
datathon,1,21059,96.77%
xslt,1,21060,96.78%
wwdc20,1,21061,96.78%
swift playgrounds,1,21062,96.79%
wwdc,1,21063,96.79%
gprs,1,21064,96.80%
sim28,1,21065,96.80%
sim800,1,21066,96.81%
atmega328p,1,21067,96.81%
lc technology 1ch relay,1,21068,96.82%
relay board,1,21069,96.82%
wip,1,21070,96.82%
confirmados,1,21071,96.83%
dominican developers,1,21072,96.83%
datasetorganisation,1,21073,96.84%
augmenteddata,1,21074,96.84%
graphical user interface,1,21075,96.85%
tripura real,1,21076,96.85%
covid19africa,1,21077,96.86%
bidirectional lstm,1,21078,96.86%
flaticon,1,21079,96.87%
google chart,1,21080,96.87%
explainable dnn architecture,1,21081,96.88%
eduardo soares,1,21082,96.88%
plamenlancaster,1,21083,96.88%
plamen angelov,1,21084,96.89%
extrinsic,1,21085,96.89%
calibration,1,21086,96.90%
calibration process,1,21087,96.90%
intrinsic,1,21088,96.91%
qcobjects collab,1,21089,96.91%
collaborative,1,21090,96.92%
qcobjects cli,1,21091,96.92%
qcobjects,1,21092,96.93%
nepal covid19,1,21093,96.93%
detection covid,1,21094,96.93%
webcam viewer,1,21095,96.94%
webcam capture,1,21096,96.94%
vidrio,1,21097,96.95%
p5js,1,21098,96.95%
video recording,1,21099,96.96%
awesome electron,1,21100,96.96%
video streaming,1,21101,96.97%
screen recorder,1,21102,96.97%
screen capture,1,21103,96.98%
virtual classroom,1,21104,96.98%
webcam streaming,1,21105,96.99%
fractal,1,21106,96.99%
turtle,1,21107,96.99%
turtle graphics,1,21108,97.00%
python game development,1,21109,97.00%
covid race game,1,21110,97.01%
markov chain,1,21111,97.01%
vue baidu map,1,21112,97.02%
deno,1,21113,97.02%
class,1,21114,97.03%
fuel demand,1,21115,97.03%
google mobility,1,21116,97.04%
energy,1,21117,97.04%
remote job,1,21118,97.05%
jobseeker,1,21119,97.05%
classname to css,1,21120,97.05%
covid 19 belgium,1,21121,97.06%
blazor application,1,21122,97.06%
nurse,1,21123,97.07%
staff members,1,21124,97.07%
visitcontacttrace application,1,21125,97.08%
visit staff,1,21126,97.08%
essential w,1,21127,97.09%
home healthcare,1,21128,97.09%
svg label,1,21129,97.10%
cartorio,1,21130,97.10%
mortes,1,21131,97.10%
civil,1,21132,97.11%
registro,1,21133,97.11%
registry,1,21134,97.12%
arpen,1,21135,97.12%
sense making,1,21136,97.13%
bayesian optimization,1,21137,97.13%
genomics visualization,1,21138,97.14%
clustal,1,21139,97.14%
genome analysis,1,21140,97.15%
economy,1,21141,97.15%
zimbabwe,1,21142,97.16%
kmeans algorithm,1,21143,97.16%
dataanalyse coronavirus,1,21144,97.16%
ideascript,1,21145,97.17%
minsa,1,21146,97.17%
zip,1,21147,97.18%
caseware,1,21148,97.18%
simulator game,1,21149,97.19%
laravel spa,1,21150,97.19%
dashboard covid,1,21151,97.20%
vue spa,1,21152,97.20%
android architecture lifecycle,1,21153,97.21%
socketio,1,21154,97.21%
lives de ciencia,1,21155,97.22%
science vlogs brasil,1,21156,97.22%
meio ambiente,1,21157,97.22%
fake news,1,21158,97.23%
astronomia,1,21159,97.23%
paleontologia,1,21160,97.24%
psicologia,1,21161,97.24%
biologia,1,21162,97.25%
geografia,1,21163,97.25%
economia,1,21164,97.26%
url launcher,1,21165,97.26%
http requests,1,21166,97.27%
sweden,1,21167,97.27%
espresso,1,21168,97.27%
android jetpack,1,21169,97.28%
java android,1,21170,97.28%
gene mutations,1,21171,97.29%
nucleotides,1,21172,97.29%
python bioinformatics,1,21173,97.30%
genetic analysis,1,21174,97.30%
genetic mutation analysis,1,21175,97.31%
slack bot,1,21176,97.31%
online classroom,1,21177,97.32%
assignment submission system,1,21178,97.32%
appointment scheduling,1,21179,97.33%
chat room android,1,21180,97.33%
secure examination environment,1,21181,97.33%
online invigilator,1,21182,97.34%
appointment management system,1,21183,97.34%
geo heatmap,1,21184,97.35%
worldmap,1,21185,97.35%
map heatmap android,1,21186,97.36%
darknet53,1,21187,97.36%
mfc,1,21188,97.37%
embedded systems,1,21189,97.37%
compiler,1,21190,97.38%
architecture,1,21191,97.38%
ondemand,1,21192,97.39%
gcc,1,21193,97.39%
bitzap,1,21194,97.39%
port,1,21195,97.40%
gnu,1,21196,97.40%
vliw,1,21197,97.41%
target,1,21198,97.41%
vienna,1,21199,97.42%
embedded,1,21200,97.42%
multiple linear regression,1,21201,97.43%
geospatial visualization,1,21202,97.43%
sentinel 5p,1,21203,97.44%
covid19 stats nepal,1,21204,97.44%
dialogflow v2,1,21205,97.44%
netcore3,1,21206,97.45%
efcore dotnetcore,1,21207,97.45%
mongodb database,1,21208,97.46%
mongo database,1,21209,97.46%
tennessee,1,21210,97.47%
covid 19 live dashboard,1,21211,97.47%
kotin,1,21212,97.48%
faiss,1,21213,97.48%
cheminformatics,1,21214,97.49%
rdkit,1,21215,97.49%
vaadin,1,21216,97.50%
publication,1,21217,97.50%
pubmedpy,1,21218,97.50%
publishing times,1,21219,97.51%
reproduction,1,21220,97.51%
indicators,1,21221,97.52%
top button,1,21222,97.52%
relay,1,21223,97.53%
mechatronics,1,21224,97.53%
pendant,1,21225,97.54%
electonics,1,21226,97.54%
ir sensor,1,21227,97.55%
motor,1,21228,97.55%
electrical engineering,1,21229,97.56%
corona prediction,1,21230,97.56%
digital contact tracing,1,21231,97.56%
xray imaging,1,21232,97.57%
covid 19 new jersey,1,21233,97.57%
heta,1,21234,97.58%
qsp,1,21235,97.58%
systems pharmacology,1,21236,97.59%
api consumer,1,21237,97.59%
2017,1,21238,97.60%
censo,1,21239,97.60%
publication data,1,21240,97.61%
citation analysis,1,21241,97.61%
donation api,1,21242,97.61%
naive bayes classifier,1,21243,97.62%
mozilla open lab,1,21244,97.62%
naive bayes classification,1,21245,97.63%
private set intersection,1,21246,97.63%
tcn,1,21247,97.64%
sars covid,1,21248,97.64%
edge,1,21249,97.65%
intel openvino toolkit,1,21250,97.65%
blogpost,1,21251,97.66%
edgeai,1,21252,97.66%
inference,1,21253,97.67%
paris agreement,1,21254,97.67%
lockdown measures,1,21255,97.67%
carbon emissions,1,21256,97.68%
visual programming,1,21257,97.68%
naive bayes algorithm,1,21258,97.69%
covid19 spaceappschallenge,1,21259,97.69%
gezondheidscheck,1,21260,97.70%
checkgesprek,1,21261,97.70%
privacy protection,1,21262,97.71%
webdev,1,21263,97.71%
research data repository,1,21264,97.72%
graph neural network,1,21265,97.72%
ionic apps,1,21266,97.73%
mapbox api,1,21267,97.73%
ionic cordova,1,21268,97.73%
viewmodel livedata,1,21269,97.74%
coil image loader,1,21270,97.74%
dependency injection with hilt,1,21271,97.75%
hilt,1,21272,97.75%
ticker,1,21273,97.76%
robinhood,1,21274,97.76%
chartjs linegraph,1,21275,97.77%
deployment,1,21276,97.77%
commandline tool,1,21277,97.78%
covid ctset,1,21278,97.78%
coro,1,21279,97.79%
covid ct,1,21280,97.79%
automated machine learning,1,21281,97.79%
salesflare,1,21282,97.80%
sales,1,21283,97.80%
sendgrid,1,21284,97.81%
cold emails,1,21285,97.81%
react materialize,1,21286,97.82%
spike,1,21287,97.82%
reading,1,21288,97.83%
lzma,1,21289,97.83%
19,1,21290,97.84%
frame,1,21291,97.84%
compressed,1,21292,97.84%
kolmogorov smirnov,1,21293,97.85%
kolmogorov complexity,1,21294,97.85%
glycoprotein,1,21295,97.86%
covid genome ds,1,21296,97.86%
volley library,1,21297,97.87%
covid19 spread,1,21298,97.87%
python notebook,1,21299,97.88%
saptarshi neogi,1,21300,97.88%
covid 19 stats,1,21301,97.89%
opencoviddetector,1,21302,97.89%
reminder,1,21303,97.90%
alarm,1,21304,97.90%
reminder application,1,21305,97.90%
pthread,1,21306,97.91%
http server,1,21307,97.91%
30daysofkotlin,1,21308,97.92%
rna seq datasets,1,21309,97.92%
single cell,1,21310,97.93%
jupyterhub,1,21311,97.93%
cv,1,21312,97.94%
deep learning tutorial,1,21313,97.94%
ios flutter,1,21314,97.95%
hospital appointment booking,1,21315,97.95%
hospitality industry,1,21316,97.96%
lung radiography,1,21317,97.96%
ktor framework,1,21318,97.96%
zepyr,1,21319,97.97%
nrf52,1,21320,97.97%
torrent search api,1,21321,97.98%
screenshot generator,1,21322,97.98%
music,1,21323,97.99%
music api,1,21324,97.99%
saavn,1,21325,98.00%
screenshot api,1,21326,98.00%
torrent,1,21327,98.01%
torrent search,1,21328,98.01%
gaana,1,21329,98.01%
jiomusic,1,21330,98.02%
dp3t,1,21331,98.02%
swisscovid,1,21332,98.03%
donor,1,21333,98.03%
sass framework,1,21334,98.04%
heroku postgres,1,21335,98.04%
sentiment scores,1,21336,98.05%
emotion analysis,1,21337,98.05%
offensive,1,21338,98.06%
abusers,1,21339,98.06%
coronavirus casestudy,1,21340,98.07%
negativity,1,21341,98.07%
blacklivesmatter,1,21342,98.07%
artists,1,21343,98.08%
dbparser,1,21344,98.08%
drugbank database,1,21345,98.09%
hydrometeorology,1,21346,98.09%
baselines,1,21347,98.10%
game 2d,1,21348,98.10%
arcade game,1,21349,98.11%
bootsrap,1,21350,98.11%
single page applications,1,21351,98.12%
angular9 example,1,21352,98.12%
aws s3,1,21353,98.13%
kafka producer,1,21354,98.13%
kafka consumer,1,21355,98.13%
streaming,1,21356,98.14%
representation learning,1,21357,98.14%
graph convolutional networks,1,21358,98.15%
icml,1,21359,98.15%
graph neural networks,1,21360,98.16%
graph attention networks,1,21361,98.16%
drug drug interaction,1,21362,98.17%
babel,1,21363,98.17%
generali,1,21364,98.18%
instructions,1,21365,98.18%
kivy,1,21366,98.18%
imageapi,1,21367,98.19%
refugee camps greece,1,21368,98.19%
coronavirus monitor,1,21369,98.20%
strain,1,21370,98.20%
clade,1,21371,98.21%
clades,1,21372,98.21%
lottie android,1,21373,98.22%
leanback,1,21374,98.22%
android tv,1,21375,98.23%
aggregator,1,21376,98.23%
update,1,21377,98.24%
shortcodes,1,21378,98.24%
barchart,1,21379,98.24%
coronatracking,1,21380,98.25%
scrapping python,1,21381,98.25%
batch script,1,21382,98.26%
vbs,1,21383,98.26%
task scheduler,1,21384,98.27%
email sender,1,21385,98.27%
pypdf2,1,21386,98.28%
joke,1,21387,98.28%
watch,1,21388,98.29%
cartography,1,21389,98.29%
progression,1,21390,98.30%
qr generator,1,21391,98.30%
covid19district,1,21392,98.30%
covid19indiaapi,1,21393,98.31%
covid 19 india statewide data,1,21394,98.31%
angularsitecovid19,1,21395,98.32%
zepl notebooks,1,21396,98.32%
snowflake,1,21397,98.33%
covid checker,1,21398,98.33%
backcalculation,1,21399,98.34%
shared task,1,21400,98.34%
binary classification,1,21401,98.35%
medical image dataset,1,21402,98.35%
uno platform,1,21403,98.35%
twitter scraping,1,21404,98.36%
survivor,1,21405,98.36%
motivation,1,21406,98.37%
google login,1,21407,98.37%
families,1,21408,98.38%
upload images,1,21409,98.38%
jinja2,1,21410,98.39%
lisp,1,21411,98.39%
common lisp,1,21412,98.40%
reactjs frontend,1,21413,98.40%
covidapp,1,21414,98.41%
expressjs framework,1,21415,98.41%
express middleware,1,21416,98.41%
mobility modeling,1,21417,98.42%
government interventions,1,21418,98.42%
safegraph,1,21419,98.43%
une population,1,21420,98.43%
individus,1,21421,98.44%
dlib,1,21422,98.44%
pyplot,1,21423,98.45%
jupyer notebook,1,21424,98.45%
mortality prediction,1,21425,98.46%
arcengine,1,21426,98.46%
webassembly,1,21427,98.47%
line chat,1,21428,98.47%
fathers day,1,21429,98.47%
card,1,21430,98.48%
identify papers,1,21431,98.48%
coronaxiv,1,21432,98.49%
hackjaipur,1,21433,98.49%
anylatics,1,21434,98.50%
flutterdev,1,21435,98.50%
flutt,1,21436,98.51%
icu,1,21437,98.51%
996icu,1,21438,98.52%
recover,1,21439,98.52%
threshold,1,21440,98.52%
recall,1,21441,98.53%
iou,1,21442,98.53%
image enhancement,1,21443,98.54%
cross validation,1,21444,98.54%
dice,1,21445,98.55%
cyclical learning rates,1,21446,98.55%
auc roc curve,1,21447,98.56%
virus propagation dynamic model,1,21448,98.56%
america,1,21449,98.57%
time delayed,1,21450,98.57%
balsamiq,1,21451,98.58%
hackathon2020,1,21452,98.58%
register,1,21453,98.58%
date fns,1,21454,98.59%
use http,1,21455,98.59%
geographical information system,1,21456,98.60%
radiograph image,1,21457,98.60%
knex,1,21458,98.61%
knex migrate,1,21459,98.61%
macos11,1,21460,98.62%
xcode12,1,21461,98.62%
widgets,1,21462,98.63%
sequential,1,21463,98.63%
research tool,1,21464,98.64%
codereadycontainers,1,21465,98.64%
cloudnative,1,21466,98.64%
microservices application,1,21467,98.65%
codeready workspaces,1,21468,98.65%
openshift cluster,1,21469,98.66%
covid19 tracing,1,21470,98.66%
councils,1,21471,98.67%
bankruptcy,1,21472,98.67%
finance,1,21473,98.68%
design,1,21474,98.68%
cordova plugins,1,21475,98.69%
apturicovid,1,21476,98.69%
covidnepal,1,21477,98.69%
ctscan,1,21478,98.70%
prognosis,1,21479,98.70%
covid19 visualization,1,21480,98.71%
ec2,1,21481,98.71%
learning by doing,1,21482,98.72%
beginner friendly,1,21483,98.72%
beginner project,1,21484,98.73%
patient tracking,1,21485,98.73%
objectdetection,1,21486,98.74%
maskdetect,1,21487,98.74%
hibernate,1,21488,98.75%
plasma donation,1,21489,98.75%
medicare,1,21490,98.75%
donate plasma,1,21491,98.76%
flutter hackathon,1,21492,98.76%
hack20,1,21493,98.77%
mysqli,1,21494,98.77%
decompiled,1,21495,98.78%
political,1,21496,98.78%
html5 canvas,1,21497,98.79%
googlenet,1,21498,98.79%
agent based,1,21499,98.80%
travel information,1,21500,98.80%
codenation,1,21501,98.81%
flutter plugin,1,21502,98.81%
covid19api,1,21503,98.81%
university exams,1,21504,98.82%
exam generator,1,21505,98.82%
tex,1,21506,98.83%
sorocaba,1,21507,98.83%
dssg,1,21508,98.84%
adversarial networks,1,21509,98.84%
cyclegan,1,21510,98.85%
datascraping,1,21511,98.85%
api gateway,1,21512,98.86%
codepipeline,1,21513,98.86%
test automation,1,21514,98.86%
covidstats,1,21515,98.87%
openc,1,21516,98.87%
networking in python,1,21517,98.88%
sqlalchemy python,1,21518,98.88%
cellular automata,1,21519,98.89%
oxcgrt,1,21520,98.89%
rpubs,1,21521,98.90%
lung bounding boxes,1,21522,98.90%
bounding boxes,1,21523,98.91%
jinja2 templates,1,21524,98.91%
numpy arrays,1,21525,98.92%
frida,1,21526,98.92%
rhode island,1,21527,98.92%
supplies,1,21528,98.93%
management system,1,21529,98.93%
sao leopoldo,1,21530,98.94%
mapa,1,21531,98.94%
rnn encoder decoder,1,21532,98.95%
tweet analysis,1,21533,98.95%
infection simulation,1,21534,98.96%
foia,1,21535,98.96%
ppp,1,21536,98.97%
eggjs,1,21537,98.97%
aarogya,1,21538,98.98%
healthcheck,1,21539,98.98%
aarogya seva,1,21540,98.98%
aws rds mysql,1,21541,98.99%
tourism,1,21542,98.99%
yelp,1,21543,99.00%
indianapolis,1,21544,99.00%
yelp fusion api,1,21545,99.01%
kurdistan,1,21546,99.01%
kurdish oss,1,21547,99.02%
covid iraq,1,21548,99.02%
covid19 iraq,1,21549,99.03%
free plugin,1,21550,99.03%
netlify functions,1,21551,99.03%
ascii graphics,1,21552,99.04%
living atlas,1,21553,99.04%
bd map,1,21554,99.05%
map visualization,1,21555,99.05%
bd district and division,1,21556,99.06%
cambodia,1,21557,99.06%
instagram api,1,21558,99.07%
instagram,1,21559,99.07%
covid 19 bot,1,21560,99.08%
ascii art,1,21561,99.08%
opensource book,1,21562,99.09%
standardization,1,21563,99.09%
attendance management,1,21564,99.09%
attendance tracking,1,21565,99.10%
attendance system,1,21566,99.10%
student attendance,1,21567,99.11%
attendance management system,1,21568,99.11%
attendance monitoring,1,21569,99.12%
quarantine project,1,21570,99.12%
corona charts,1,21571,99.13%
communication,1,21572,99.13%
exposure notification api,1,21573,99.14%
hcl,1,21574,99.14%
tracker application,1,21575,99.15%
clova,1,21576,99.15%
console application,1,21577,99.15%
console,1,21578,99.16%
jade framework,1,21579,99.16%
crontab,1,21580,99.17%
twint,1,21581,99.17%
cxr lungs,1,21582,99.18%
self dianosis,1,21583,99.18%
ai predictions,1,21584,99.19%
prediction algorithm,1,21585,99.19%
udacity course,1,21586,99.20%
udacity,1,21587,99.20%
self diagnosis,1,21588,99.20%
chest x ray images,1,21589,99.21%
catalogue,1,21590,99.21%
capstone,1,21591,99.22%
tic tac toe,1,21592,99.22%
voila template,1,21593,99.23%
kff,1,21594,99.23%
kaiser family foundation,1,21595,99.24%
top youtube videos,1,21596,99.24%
metrics,1,21597,99.25%
transform data,1,21598,99.25%
youtube covid metrics,1,21599,99.26%
color coded map,1,21600,99.26%
graphing,1,21601,99.26%
modelling infectious diseases,1,21602,99.27%
covid 19 case study,1,21603,99.27%
modelling covid 19,1,21604,99.28%
drugdesign,1,21605,99.28%
expo cli,1,21606,99.29%
covid19 dashboard,1,21607,99.29%
kotlin apps,1,21608,99.30%
razor pages,1,21609,99.30%
asp net mvc,1,21610,99.31%
azure pipeline,1,21611,99.31%
covid ai,1,21612,99.32%
platzi master,1,21613,99.32%
spec shield,1,21614,99.32%
type 2 fuzzy systems,1,21615,99.33%
mamdani,1,21616,99.33%
xception model,1,21617,99.34%
gpu,1,21618,99.34%
tata innoverse solverhunt8,1,21619,99.35%
face mask classification,1,21620,99.35%
streamlit webapp,1,21621,99.36%
coding,1,21622,99.36%
covid 19 turkey,1,21623,99.37%
severity,1,21624,99.37%
covid prediction,1,21625,99.38%
covid forecast,1,21626,99.38%
lading page,1,21627,99.38%
onepage,1,21628,99.39%
unity3d,1,21629,99.39%
unity webgl,1,21630,99.40%
unity editor,1,21631,99.40%
preventcorona,1,21632,99.41%
hamburg,1,21633,99.41%
covid colombia,1,21634,99.42%
aqueduct,1,21635,99.42%
uganda,1,21636,99.43%
government policies,1,21637,99.43%
spread of disease,1,21638,99.43%
airquality,1,21639,99.44%
waste,1,21640,99.44%
bayesian data analysis,1,21641,99.45%
growth curves,1,21642,99.45%
hierarchical models,1,21643,99.46%
stickers,1,21644,99.46%
react boilerplate,1,21645,99.47%
pandas libary,1,21646,99.47%
bokeh server,1,21647,99.48%
practice machine learning,1,21648,99.48%
vvcepheia,1,21649,99.49%
sarc cov 2,1,21650,99.49%
cnn model,1,21651,99.49%
visitor tracking,1,21652,99.50%
visitor management,1,21653,99.50%
contactless devices,1,21654,99.51%
tiltjs,1,21655,99.51%
ensemble learning,1,21656,99.52%
coronaawarenessbot,1,21657,99.52%
coronavirussymtoms,1,21658,99.53%
coronaawareness,1,21659,99.53%
coronabot,1,21660,99.54%
livestatus,1,21661,99.54%
mumbai university,1,21662,99.55%
lecture notes,1,21663,99.55%
latex,1,21664,99.55%
semester7,1,21665,99.56%
census bureau,1,21666,99.56%
swr,1,21667,99.57%
jstat,1,21668,99.57%
interactive visualization,1,21669,99.58%
katex,1,21670,99.58%
effective reproduction number,1,21671,99.59%
data fetching,1,21672,99.59%
data forge,1,21673,99.60%
rake,1,21674,99.60%
microservices,1,21675,99.60%
spring cloud,1,21676,99.61%
standford nlp,1,21677,99.61%
socioeconomic,1,21678,99.62%
pgadmin,1,21679,99.62%
nyc restaurant inspection,1,21680,99.63%
nyc opendata,1,21681,99.63%
portfolio,1,21682,99.64%
widgetkit,1,21683,99.64%
covid19 service,1,21684,99.65%
netlify deployment,1,21685,99.65%
rust,1,21686,99.66%
tourist attractions,1,21687,99.66%
geocoder,1,21688,99.66%
daily updated data,1,21689,99.67%
bdd2020,1,21690,99.67%
submission,1,21691,99.68%
nexus,1,21692,99.68%
covid19 prediction,1,21693,99.69%
patient xray,1,21694,99.69%
weather forecast,1,21695,99.70%
galacticraft addon,1,21696,99.70%
minecraft forge,1,21697,99.71%
galacticraft a,1,21698,99.71%
apollographql,1,21699,99.72%
webpage,1,21700,99.72%
self hosted,1,21701,99.72%
geoanalytics,1,21702,99.73%
nltk,1,21703,99.73%
maskedface net,1,21704,99.74%
masked face,1,21705,99.74%
ethiopia covid 19,1,21706,99.75%
lottie web,1,21707,99.75%
vietnam,1,21708,99.76%
waspada corona,1,21709,99.76%
stisla,1,21710,99.77%
bike ridership,1,21711,99.77%
react leaf,1,21712,99.77%
graphjs,1,21713,99.78%
supervised learning,1,21714,99.78%
infection fatality rate,1,21715,99.79%
case fatality rate,1,21716,99.79%
geopy,1,21717,99.80%
webgame,1,21718,99.80%
coronamelder,1,21719,99.81%
protobuf,1,21720,99.81%
public transport,1,21721,99.82%
seirs,1,21722,99.82%
co2 measurement,1,21723,99.83%
corona tracker android app,1,21724,99.83%
corona android app,1,21725,99.83%
swiftyjson,1,21726,99.84%
alamofire,1,21727,99.84%
tickets,1,21728,99.85%
cocoa debugging,1,21729,99.85%
cocoa,1,21730,99.86%
angular2,1,21731,99.86%
university of wisconsin,1,21732,99.87%
uw madison,1,21733,99.87%
uwmadison,1,21734,99.88%
covid outbreak,1,21735,99.88%
university of wisconsin madison,1,21736,99.89%
goiania,1,21737,99.89%
covid italia,1,21738,99.89%
kotha,1,21739,99.90%
coronakotha,1,21740,99.90%
phylogenetic trees,1,21741,99.91%
multiple sequence alignment,1,21742,99.91%
r programming,1,21743,99.92%
odds ratio,1,21744,99.92%
covidbd api,1,21745,99.93%
learning model,1,21746,99.93%
learning mesa,1,21747,99.94%
benfords law,1,21748,99.94%
co2 ampel,1,21749,99.94%
arduino sketch,1,21750,99.95%
corona ampel,1,21751,99.95%
co2 concentration,1,21752,99.96%
scd30,1,21753,99.96%
co2 sensor,1,21754,99.97%
libreoffice,1,21755,99.97%
libreoffice extension,1,21756,99.98%
vanderbilt,1,21757,99.98%
strategy,1,21758,99.99%
linkedin,1,21759,99.99%
career,1,21760,100.00%
layoffs,1,21761,100.00%
3d,,,
ajax,,,
algorithm,,,
amp,,,
android,,,
angular,,,
ansible,,,
api,,,
arduino,,,
asp.net,,,
atom,,,
awesome lists,,,
amazon web services,,,
azure,,,
babel,,,
bash,,,
bitcoin,,,
bootstrap,,,
bot,,,
c,,,
chrome,,,
chrome extension,,,
command line interface,,,
clojure,,,
code quality,,,
code review,,,
compiler,,,
continuous integration,,,
covid-19,,,
c++,,,
cryptocurrency,,,
crystal,,,
c#,,,
css,,,
data structures,,,
data visualization,,,
database,,,
deep learning,,,
dependency management,,,
deployment,,,
django,,,
docker,,,
documentation,,,
.net,,,
electron,,,
elixir,,,
emacs,,,
ember,,,
emoji,,,
emulator,,,
es6,,,
eslint,,,
ethereum,,,
express,,,
firebase,,,
firefox,,,
flask,,,
font,,,
framework,,,
front end,,,
game engine,,,
git,,,
github api,,,
go,,,
google,,,
gradle,,,
graphql,,,
gulp,,,
hacktoberfest,,,
haskell,,,
homebrew,,,
homebridge,,,
html,,,
http,,,
icon font,,,
ios,,,
ipfs,,,
java,,,
javascript,,,
jekyll,,,
jquery,,,
json,,,
the julia language,,,
jupyter notebook,,,
koa,,,
kotlin,,,
kubernetes,,,
laravel,,,
latex,,,
library,,,
linux,,,
localization,,,
lua,,,
machine learning,,,
macos,,,
markdown,,,
mastodon,,,
material design,,,
matlab,,,
maven,,,
minecraft,,,
mobile,,,
monero,,,
mongodb,,,
mongoose,,,
monitoring,,,
mvvmcross,,,
mysql,,,
nativescript,,,
nim,,,
natural language processing,,,
node.js,,,
nosql,,,
npm,,,
objective-c,,,
opengl,,,
operating system,,,
p2p,,,
package manager,,,
parsing,,,
perl,,,
phaser,,,
php,,,
pico-8,,,
pixel art,,,
postgresql,,,
project management,,,
publishing,,,
pwa,,,
python,,,
qt,,,
r,,,
rails,,,
raspberry pi,,,
ratchet,,,
react,,,
react native,,,
reactiveui,,,
redux,,,
rest api,,,
ruby,,,
rust,,,
sass,,,
scala,,,
scikit-learn,,,
software-defined networking,,,
security,,,
server,,,
serverless,,,
shell,,,
sketch,,,
spacevim,,,
spring boot,,,
sql,,,
storybook,,,
support,,,
swift,,,
symfony,,,
telegram,,,
tensorflow,,,
terminal,,,
terraform,,,
testing,,,
twitter,,,
typescript,,,
ubuntu,,,
unity,,,
unreal engine,,,
vagrant,,,
vim,,,
virtual reality,,,
vue.js,,,
wagtail,,,
web components,,,
web app,,,
webpack,,,
windows,,,
wordplate,,,
wordpress,,,
xamarin,,,
xml,,,
